0.0000e+00 8.9953e+00 8.9274e+00 -3.0204e+00
1.0000e-09 3.6481e+00 1.7977e+01 -6.9448e+00
2.0000e-09 -1.0028e+01 -4.7409e+00 4.9941e+00
3.0000e-09 1.7844e+01 -6.2744e+00 2.6634e+01
4.0000e-09 9.1905e+00 -4.0867e+00 -1.1869e+01
5.0000e-09 -1.0689e+01 -2.5597e+01 -2.1023e+01
6.0000e-09 -2.9910e+01 -8.4958e+00 -8.4547e-01
7.0000e-09 -3.7479e+01 1.9889e+01 1.2176e+00
8.0000e-09 2.0674e+00 1.9212e+00 8.0260e+00
9.0000e-09 -4.1334e+00 8.0355e+00 5.6606e+00
1.0000e-08 -9.6415e+00 -1.9264e+01 1.3230e+01
1.1000e-08 2.4559e+01 2.4320e+01 1.6097e+00
1.2000e-08 3.8453e+01 -1.5869e+01 -2.2297e+01
1.3000e-08 -1.8096e+01 6.6669e-01 2.9727e+01
1.4000e-08 -7.9460e+00 -6.5695e+00 -1.2722e+01
1.5000e-08 1.1438e+00 1.9343e+01 -7.7806e+00
1.6000e-08 -2.4379e+01 -2.0520e+01 -2.8847e+01
1.7000e-08 -2.6057e+00 -4.2456e+00 2.8369e+00
1.8000e-08 -1.3184e+00 1.1209e+00 -3.6472e+00
1.9000e-08 -2.9034e-01 -1.6341e+00 3.2878e+00
2.0000e-08 -1.2889e+01 9.6924e+00 -4.9001e+00
2.1000e-08 -1.4792e+01 8.6102e+00 -1.7002e+01
2.2000e-08 4.2958e+00 -7.0613e+00 -2.5448e+01
2.3000e-08 7.4172e+00 2.7638e+00 1.2006e+01
2.4000e-08 -1.0643e+01 -6.1595e+00 3.5442e+00
2.5000e-08 1.5938e+01 9.0809e+00 -8.9587e+00
2.6000e-08 1.3788e+01 4.0258e+00 -7.0830e+00
2.7000e-08 2.3041e+01 -1.4328e+01 2.2108e+01
2.8000e-08 -1.7430e+01 -8.7381e+00 -4.9264e+00
2.9000e-08 -7.3585e+00 1.5604e+00 9.9635e+00
3.0000e-08 -7.1847e+00 -1.0766e+01 -1.6348e-01
3.1000e-08 1.4528e+00 -9.5624e+00 3.1205e+01
3.2000e-08 1.3366e+01 8.9269e+00 -1.3958e+01
3.3000e-08 2.6630e+01 8.6039e+00 5.6498e+00
3.4000e-08 -1.2688e+00 -2.1846e+01 -1.2314e+01
3.5000e-08 1.3139e+01 -5.2281e+00 5.0980e+00
3.6000e-08 -2.8145e+01 -9.7328e+00 -3.0061e+00
3.7000e-08 7.8675e+00 1.2564e+01 9.8335e+00
3.8000e-08 1.4002e-01 2.0043e+01 2.7268e-01
3.9000e-08 1.7449e+01 -9.5314e+00 -1.1165e+01
4.0000e-08 1.2123e+00 -3.9087e+01 2.4231e+01
4.1000e-08 2.0148e+01 -5.0009e+00 -1.1205e+01
4.2000e-08 4.0506e+00 -1.7690e+01 -1.1665e+01
4.3000e-08 -7.7909e-01 -8.7053e+00 -1.4905e+01
4.4000e-08 1.2469e+01 -2.6637e+00 -2.2006e+01
4.5000e-08 -1.9666e+01 3.5414e+00 9.4444e+00
4.6000e-08 1.6926e+01 3.4638e-01 1.1283e+01
4.7000e-08 -3.0056e+00 -1.1631e+01 -7.9494e-02
4.8000e-08 -1.0281e+01 2.5530e+01 1.5383e+01
4.9000e-08 -7.3866e+00 2.0603e+01 2.1212e+01
5.0000e-08 2.0066e+01 -1.6223e+01 8.6186e+00
5.1000e-08 -1.9885e+01 2.1445e+01 -8.6362e+00
5.2000e-08 5.2411e+00 -1.5613e+01 5.6667e+00
5.3000e-08 9.1028e+00 -2.3013e+01 7.4813e+00
5.4000e-08 7.2368e+00 -1.8630e+01 1.6618e+01
5.5000e-08 3.1646e+00 7.5184e+00 -1.4283e+01
5.6000e-08 1.4049e+01 -7.7460e+00 5.2280e+00
5.7000e-08 -1.1405e+01 1.6562e+01 -2.8317e+01
5.8000e-08 8.3095e-02 -1.2782e+01 1.4200e+01
5.9000e-08 -2.3462e+01 6.1461e+00 3.0404e+01
6.0000e-08 -2.8793e+01 5.6767e+00 -8.4510e+00
6.1000e-08 -1.8733e+01 -1.1604e+01 6.8979e+00
6.2000e-08 1.8520e+01 -1.2656e+01 -1.2912e+01
6.3000e-08 -3.3120e-01 1.5085e+01 -2.5320e+00
6.4000e-08 -1.8011e+01 3.1440e+00 4.2290e+00
6.5000e-08 -2.4487e+00 3.6482e+01 -2.4848e-01
6.6000e-08 -5.5807e+00 2.2327e+01 1.3751e+00
6.7000e-08 -7.2464e+00 6.3239e-01 -2.4474e+01
6.8000e-08 -1.5504e+01 -3.4314e+01 1.8119e+01
6.9000e-08 2.2607e+01 -6.2138e+00 4.2718e+00
7.0000e-08 -9.1416e+00 1.7159e+01 4.9745e+00
7.1000e-08 8.4992e+00 5.5415e+00 -2.8189e+01
7.2000e-08 2.5111e+00 -1.5920e+01 -2.6750e+00
7.3000e-08 -8.0097e+00 3.4960e+00 5.0265e+00
7.4000e-08 -4.3882e-01 -9.6186e-01 -1.8061e+01
7.5000e-08 -1.4715e+01 -2.3959e+01 1.5747e+01
7.6000e-08 3.4649e+00 -1.3395e+01 -5.1112e+00
7.7000e-08 -1.3069e+01 3.8955e+00 -4.0937e+01
7.8000e-08 -6.7242e+00 -1.6608e+01 3.1718e+00
7.9000e-08 4.2508e+00 9.6541e+00 -1.1301e+01
8.0000e-08 1.9294e+00 1.0561e+01 1.0209e+01
8.1000e-08 -8.4609e+00 -7.1794e+00 -6.9126e+00
8.2000e-08 2.5755e+01 -3.2253e+01 2.5638e+01
8.3000e-08 -1.5892e+01 -4.5011e+00 -7.2825e-02
8.4000e-08 9.8634e+00 -1.3015e+01 -6.8357e+00
8.5000e-08 4.0783e-01 1.0971e+01 2.3362e+00
8.6000e-08 -1.6833e+01 1.6292e+01 2.5001e+01
8.7000e-08 1.1144e+00 -2.7011e+01 9.2007e+00
8.8000e-08 -2.5372e+01 -1.9582e+01 9.1047e+00
8.9000e-08 3.1148e+01 1.0564e+01 -4.3254e+01
9.0000e-08 -1.8930e+01 -8.8668e+00 -2.1613e+00
9.1000e-08 1.3394e+01 -3.2437e+00 -1.8537e+01
9.2000e-08 -1.1477e+01 -8.1480e+00 -2.9842e+00
9.3000e-08 -1.7740e+01 4.7956e+00 1.4882e+01
9.4000e-08 9.1923e+00 3.2940e+00 8.2165e+00
9.5000e-08 -1.1504e+01 7.2855e-01 1.5552e+01
9.6000e-08 2.2762e+01 1.4548e-01 -2.5028e+01
9.7000e-08 2.0499e+01 -2.6208e+00 1.1812e+01
9.8000e-08 -7.7827e+00 -2.1874e+01 -6.1424e+00
9.9000e-08 -1.3968e+01 -8.3034e+00 -3.1424e+01
1.0000e-07 1.5060e+01 -1.6375e+01 6.5167e+00
1.0100e-07 -2.9112e+01 -2.1599e+01 -1.6951e+01
1.0200e-07 -4.6245e+00 -7.4015e+00 -9.3011e+00
1.0300e-07 -1.6839e+01 9.5122e+00 -2.6748e+01
1.0400e-07 2.7678e+01 2.3345e+01 -2.9543e+00
1.0500e-07 1.0336e+01 -4.0069e+01 -1.1599e+01
1.0600e-07 1.7857e+01 2.6644e+01 1.4313e+00
1.0700e-07 -1.3399e+01 -2.8067e+01 -3.6681e+00
1.0800e-07 9.1462e+00 1.4019e+01 2.4410e+01
1.0900e-07 -7.8924e-01 5.1747e+00 4.0846e+01
1.1000e-07 1.2106e+01 1.9936e+00 -7.9170e+00
1.1100e-07 5.7228e-01 -2.0074e+01 -6.0012e+00
1.1200e-07 -3.4927e+00 1.3063e+01 -4.7277e+00
1.1300e-07 3.3435e+01 -1.8446e+01 -9.6337e+00
1.1400e-07 -1.9667e+01 -2.1370e+01 3.5681e+00
1.1500e-07 -1.6015e+01 -1.6981e+01 3.4576e+01
1.1600e-07 -1.9207e+00 -3.0384e+00 2.8351e+01
1.1700e-07 2.1376e+01 -1.8878e+01 -1.6690e+01
1.1800e-07 -2.2654e+00 -5.8227e+00 8.0675e+00
1.1900e-07 -3.1758e+00 -9.0888e+00 7.3740e+00
1.2000e-07 1.3668e+01 -3.1976e+01 -8.7880e+00
1.2100e-07 6.4312e+00 3.7867e+00 -2.1777e+00
1.2200e-07 1.1352e+01 -1.4334e+01 1.6680e+01
1.2300e-07 -1.0712e+01 1.4954e+00 -8.2648e+00
1.2400e-07 -1.9856e+01 4.7745e+01 1.5085e+01
1.2500e-07 -2.8405e+01 4.5350e+00 -1.7238e+01
1.2600e-07 5.2340e+00 -2.1495e+01 -1.0693e+01
1.2700e-07 2.6722e+01 -1.2623e+01 2.4915e+01
1.2800e-07 -8.8954e+00 1.0429e+01 9.6362e+00
1.2900e-07 1.5967e+01 -2.4763e+01 -1.1487e+01
1.3000e-07 -1.0228e+00 4.0891e+00 -1.1413e+01
1.3100e-07 -2.5077e+01 -1.1252e+01 2.2571e+01
1.3200e-07 -1.9437e+01 -1.0554e+01 -1.5693e+00
1.3300e-07 -1.9003e+00 1.3817e+01 1.1306e+01
1.3400e-07 -7.7542e+00 1.0999e+01 -1.2595e+01
1.3500e-07 -3.6141e+01 -1.1862e+01 -5.6058e+00
1.3600e-07 -7.2874e+00 8.4868e+00 5.7840e+00
1.3700e-07 -1.9164e+01 -1.5115e+01 -1.5277e+01
1.3800e-07 -8.8626e-01 1.3399e+00 -2.8849e+01
1.3900e-07 -1.4752e+01 2.0047e+01 -3.4120e+00
1.4000e-07 -7.3414e-01 -1.7784e+01 -1.4305e+01
1.4100e-07 -9.2320e-02 -1.6472e+01 -3.4144e+01
1.4200e-07 6.6450e+00 -1.1094e+01 5.2895e-01
1.4300e-07 1.8445e+01 3.4443e+01 -8.1807e+00
1.4400e-07 -6.1962e+00 -2.2698e+01 1.5804e+00
1.4500e-07 -1.9606e+01 9.2287e+00 -1.3160e+01
1.4600e-07 3.5344e+00 9.0567e-01 -3.0981e+00
1.4700e-07 2.7176e+01 7.8695e+00 1.8984e+01
1.4800e-07 -4.7126e+00 -4.1576e+00 -3.7449e+00
1.4900e-07 -1.1495e+01 1.6321e+01 5.5491e+00
1.5000e-07 -5.0650e+00 1.2047e+01 2.1953e+01
1.5100e-07 -1.2678e+01 -1.7117e+01 4.0352e+00
1.5200e-07 1.3513e+01 -7.8041e+00 1.7179e+01
1.5300e-07 1.8815e+01 1.3431e+01 -3.4820e+00
1.5400e-07 9.7344e+00 1.8413e+00 1.3244e+01
1.5500e-07 -9.4228e+00 -1.0351e+01 -2.0245e+01
1.5600e-07 -1.4163e+01 -1.2788e+01 -2.4482e+01
1.5700e-07 -3.8464e+00 -7.8594e-02 4.9781e-01
1.5800e-07 -9.0699e+00 1.9912e+01 1.5370e+00
1.5900e-07 -3.0778e+01 1.6384e+01 -9.5592e+00
1.6000e-07 5.6671e+00 1.5649e+01 -1.5446e+01
1.6100e-07 2.9819e+01 -1.5367e+01 -2.4530e+01
1.6200e-07 -9.7510e+00 -6.3503e+00 -4.8132e+00
1.6300e-07 -2.5653e+01 1.9447e+00 6.4050e+00
1.6400e-07 -1.8576e+01 -4.7823e+00 4.9957e+00
1.6500e-07 9.6233e+00 -5.4587e+00 7.2451e+00
1.6600e-07 4.5716e+00 1.3932e+01 -2.0560e+01
1.6700e-07 -5.9452e+00 1.4043e+01 1.1880e+01
1.6800e-07 7.5173e+00 2.5987e+00 -1.6874e+01
1.6900e-07 -9.5726e+00 -1.7875e+00 -6.9054e+00
1.7000e-07 -1.7649e+01 2.4525e+01 1.5720e+01
1.7100e-07 1.0466e+01 -9.2167e+00 -9.4914e+00
1.7200e-07 8.6018e+00 -1.1571e+01 1.6755e+01
1.7300e-07 1.5955e+01 -3.9338e+00 -6.4853e+00
1.7400e-07 -1.0255e+01 3.0280e+00 -9.4194e+00
1.7500e-07 -1.0939e+01 2.1373e+01 -4.6827e+00
1.7600e-07 -1.0176e+01 2.5555e+01 7.9534e+00
1.7700e-07 -1.3931e+01 1.4504e+01 9.3893e+00
1.7800e-07 3.4625e+00 -8.1108e+00 -4.4223e+00
1.7900e-07 -1.0139e+00 9.0560e+00 1.6425e+01
1.8000e-07 -5.1529e+00 1.6538e+00 -5.9756e+00
1.8100e-07 -9.1380e+00 -2.6745e+01 2.5089e+01
1.8200e-07 -2.2237e+01 -9.5499e+00 2.9064e+00
1.8300e-07 1.6621e+01 -1.1072e-01 -2.7092e+01
1.8400e-07 2.2649e+01 7.4554e-01 -7.5972e+00
1.8500e-07 -1.8331e+00 -5.0052e+00 -4.5375e+00
1.8600e-07 -3.3561e+00 -1.9980e+01 -2.2345e+01
1.8700e-07 9.9683e-01 1.7532e+01 1.4407e+00
1.8800e-07 -7.4087e+00 -2.1812e+01 1.0696e+01
1.8900e-07 8.2367e-01 8.5144e+00 -3.4658e+00
1.9000e-07 -1.8841e+01 1.2894e+01 2.0653e+01
1.9100e-07 1.1157e+01 2.3253e+01 9.8075e+00
1.9200e-07 -8.3493e+00 -2.7893e+01 -7.9360e+00
1.9300e-07 2.4304e+00 -4.1173e+00 4.4164e+01
1.9400e-07 -7.0478e+00 7.5665e+00 -5.8993e+00
1.9500e-07 -1.1032e+01 -8.6539e+00 -8.0146e-01
1.9600e-07 1.6165e+01 3.7644e+01 -1.6500e-01
1.9700e-07 -3.7759e+00 7.8787e+00 -6.8623e+00
1.9800e-07 -2.9327e+01 -2.7700e+01 6.3690e+00
1.9900e-07 -2.0390e+01 -1.6081e+01 -3.2137e+01
2.0000e-07 5.8289e+00 2.2644e+01 7.1305e+00
2.0100e-07 -1.0109e+00 1.9960e+01 -7.7641e+00
2.0200e-07 1.0226e+01 -1.1132e+01 1.1147e+01
2.0300e-07 2.1371e+01 -1.3367e+01 7.4962e+00
2.0400e-07 -2.9830e+00 -2.6378e+01 1.2509e+01
2.0500e-07 9.8282e+00 8.1309e-01 -2.4153e+00
2.0600e-07 -1.8351e+01 -5.9751e+00 -2.2423e+00
2.0700e-07 2.3252e+01 6.8055e+00 -4.1157e+00
2.0800e-07 -8.5268e+00 -1.3904e+01 -5.5666e-01
2.0900e-07 2.5780e+01 -1.5139e+01 -1.2203e+01
2.1000e-07 2.6614e+01 5.2469e+00 1.7817e+01
2.1100e-07 -8.4631e+00 -2.3292e+01 1.1908e+01
2.1200e-07 -5.1986e+00 1.6682e+01 -2.4062e+01
2.1300e-07 -6.0310e+00 6.6787e-01 9.5915e+00
2.1400e-07 1.2739e+01 -3.7615e+00 2.8761e+01
2.1500e-07 -8.8132e-02 6.6612e+00 -6.5461e+00
2.1600e-07 2.1863e+01 3.9814e+00 3.3958e+01
2.1700e-07 -4.1355e+00 2.2550e+01 1.0392e+01
2.1800e-07 4.3683e+00 3.6026e+01 4.7982e-01
2.1900e-07 2.0105e+01 3.1825e+01 1.0193e+01
2.2000e-07 -1.8650e+00 -1.1864e+01 1.1236e+01
2.2100e-07 1.4188e+01 -5.2183e+00 4.2675e+00
2.2200e-07 -9.2256e+00 3.3489e+00 -1.8755e+01
2.2300e-07 3.5718e-01 -4.4055e-01 -2.9873e+00
2.2400e-07 -1.2561e+01 1.1403e+01 -1.1559e+00
2.2500e-07 1.4705e+01 2.2786e+01 1.8277e+00
2.2600e-07 8.7113e+00 -7.1824e-01 -8.2596e+00
2.2700e-07 4.9097e-01 9.2402e+00 9.8048e+00
2.2800e-07 -5.6896e+00 -1.1080e+01 -4.4454e+00
2.2900e-07 -3.9479e-01 1.1711e+00 -5.0876e+00
2.3000e-07 -7.3133e+00 -7.4459e+00 -1.6455e+01
2.3100e-07 1.0247e+01 -8.7697e+00 -2.8441e+01
2.3200e-07 8.9498e+00 -7.0893e+00 -5.8027e+00
2.3300e-07 -1.0132e+01 1.3383e+00 -7.0031e-01
2.3400e-07 1.4387e+01 -1.9280e+01 -7.9956e+00
2.3500e-07 2.6548e+01 6.9538e+00 -9.8785e+00
2.3600e-07 -1.2512e+01 3.3038e+00 -3.1733e+00
2.3700e-07 -1.3349e+01 -7.8126e+00 -5.2055e+00
2.3800e-07 -8.4010e+00 1.8648e+01 6.6531e+00
2.3900e-07 -1.8033e+01 1.6940e+01 -1.0242e+01
2.4000e-07 -1.4936e+01 -4.8478e+00 2.0132e+01
2.4100e-07 2.4394e+01 -1.4991e+01 -2.3830e+01
2.4200e-07 2.2148e+00 -9.9838e+00 2.4336e+01
2.4300e-07 -1.2524e+01 -8.2138e+00 -2.0559e+01
2.4400e-07 1.8885e+01 3.2903e+01 -1.3511e+01
2.4500e-07 1.6430e+01 -2.4992e+01 4.1301e+00
2.4600e-07 -1.2582e+01 1.0241e+01 -8.4286e+00
2.4700e-07 5.8095e-01 5.1314e+00 -3.0473e+01
2.4800e-07 1.2231e-01 -1.2992e+01 8.2917e+00
2.4900e-07 -7.3547e+00 -1.9404e+01 9.4866e+00
2.5000e-07 1.5509e+01 -6.6879e+00 -9.9337e+00
2.5100e-07 -6.8255e+00 -6.4554e+00 -1.6363e+01
2.5200e-07 9.2699e-01 -4.0696e+00 2.3952e+01
2.5300e-07 -8.9718e+00 -1.8326e+01 1.6615e+01
2.5400e-07 -1.1075e+01 -1.0937e+01 3.3898e+00
2.5500e-07 -6.2717e+00 1.7634e+01 1.4873e+01
2.5600e-07 8.0930e+00 3.6198e+01 8.5399e+00
2.5700e-07 -1.7550e+00 8.4888e+00 1.1479e+01
2.5800e-07 -2.9837e+01 1.0284e+01 -3.1609e+01
2.5900e-07 5.3703e+00 1.1661e+01 -5.8487e+00
2.6000e-07 2.5808e+00 4.3906e+00 -2.7722e+01
2.6100e-07 9.9489e+00 -1.8724e+01 -9.4487e+00
2.6200e-07 -6.2296e+00 3.2763e+01 1.9361e+01
2.6300e-07 6.4190e+00 3.2052e+01 -1.7574e+01
2.6400e-07 -1.2320e+01 9.8006e+00 1.3163e+01
2.6500e-07 7.2160e+00 -1.9848e+00 -1.2123e+01
2.6600e-07 -4.0228e-01 -4.2419e+01 -1.3194e+01
2.6700e-07 8.5599e-01 -2.0680e+00 8.7741e+00
2.6800e-07 -1.2493e+00 -2.0939e+01 -1.1892e+01
2.6900e-07 2.3498e+01 1.6938e+01 1.4536e+01
2.7000e-07 1.8338e+01 1.8789e+01 1.9647e+01
2.7100e-07 -6.6192e+00 1.1762e+01 1.0553e-01
2.7200e-07 1.0990e+00 3.2626e+00 8.2452e+00
2.7300e-07 -5.4338e+00 -7.7265e+00 2.5178e+01
2.7400e-07 2.9692e+00 -1.4250e+01 -2.5408e+01
2.7500e-07 -1.2330e+01 -1.8803e+01 -5.0956e+00
2.7600e-07 -1.2317e+01 2.7277e+01 1.4339e+01
2.7700e-07 2.9435e-01 2.0674e+01 -2.0502e+01
2.7800e-07 2.6026e+01 1.7956e+01 5.7468e+00
2.7900e-07 1.1628e+01 -2.6831e+01 7.3962e+00
2.8000e-07 1.1228e+00 7.4649e+00 1.9655e+01
2.8100e-07 3.1642e+01 -1.1611e+01 1.6191e+01
2.8200e-07 1.5801e+01 1.1098e+01 1.9748e+01
2.8300e-07 -1.7968e+01 5.3103e+00 1.0730e+01
2.8400e-07 -1.1323e+01 -9.6591e+00 -1.0831e+01
2.8500e-07 -1.2387e+01 7.9789e+00 8.0998e+00
2.8600e-07 4.2454e+01 4.0319e+00 -1.5467e+01
2.8700e-07 2.3977e+00 2.6432e+01 1.3892e+01
2.8800e-07 1.0653e+01 -4.7782e+01 3.5828e-01
2.8900e-07 1.0518e+00 -1.5194e+01 1.1391e-01
2.9000e-07 -1.9967e+01 -1.0647e+01 -1.6126e+01
2.9100e-07 7.6648e+00 -8.8951e+00 6.5847e+00
2.9200e-07 7.6971e+00 -6.5535e+00 -8.0880e+00
2.9300e-07 -2.1944e+01 8.8384e+00 -1.0572e+01
2.9400e-07 5.0397e+00 -1.4673e+01 -2.6800e+01
2.9500e-07 6.7424e+00 -9.1908e-01 1.0847e+01
2.9600e-07 1.6721e+01 -9.9126e+00 4.9323e+00
2.9700e-07 1.7648e+01 2.5247e+00 -1.6272e+01
2.9800e-07 5.4698e-01 1.9950e-01 -2.3519e+01
2.9900e-07 -5.5656e+00 -2.5002e+00 2.1730e+01
3.0000e-07 1.2346e+01 9.0953e+00 1.4182e+01
3.0100e-07 2.4452e+01 -2.2129e+01 -3.1452e+00
3.0200e-07 -1.5726e+01 -2.3521e+01 6.5054e+00
3.0300e-07 1.0473e+01 -1.5581e+01 7.9598e+00
3.0400e-07 2.9325e-01 -6.4410e+00 4.8554e+00
3.0500e-07 -9.9788e+00 -9.5507e+00 7.3203e+00
3.0600e-07 -6.5505e+00 -8.0351e+00 4.2988e+00
3.0700e-07 2.5319e+00 1.3752e+01 -7.8854e+00
3.0800e-07 -7.2604e-01 4.7399e+00 -1.7274e+01
3.0900e-07 -1.4684e+01 -2.1397e+00 2.2308e+01
3.1000e-07 -8.3481e+00 -3.3194e-01 -6.3815e+00
3.1100e-07 -1.6667e+00 -7.9740e+00 1.2366e+01
3.1200e-07 -1.2204e+01 5.1887e+00 6.1830e+00
3.1300e-07 -1.0349e+01 1.7014e-01 -1.3037e+01
3.1400e-07 8.1756e+00 -2.2031e+01 -1.0153e+01
3.1500e-07 1.1688e+01 8.3979e-01 -7.4954e-01
3.1600e-07 1.7136e+00 8.9632e+00 -2.0017e+00
3.1700e-07 1.4426e+01 9.5588e+00 9.3443e+00
3.1800e-07 7.5313e+00 -1.4032e+00 -1.4081e+01
3.1900e-07 2.4899e+01 -6.0344e+00 -8.9457e+00
3.2000e-07 -4.2983e+01 2.0258e+01 -1.5250e+01
3.2100e-07 1.0297e+01 2.4384e+01 9.6600e+00
3.2200e-07 -1.8803e-02 -1.1036e+01 6.7215e+00
3.2300e-07 -7.1326e+00 8.3361e+00 -4.2631e-01
3.2400e-07 1.2398e+01 8.4834e+00 4.1119e+00
3.2500e-07 -2.3682e+01 -2.8995e+01 -1.0046e+01
3.2600e-07 -3.7941e+00 -2.3153e-01 2.6385e+01
3.2700e-07 2.3918e+01 1.3101e+01 6.9858e+00
3.2800e-07 -3.7814e+01 -1.2252e+01 9.8446e+00
3.2900e-07 -2.7413e+00 1.2606e+01 2.1660e+01
3.3000e-07 -2.2364e+01 -1.4675e+01 1.5577e+01
3.3100e-07 4.6337e+00 1.4271e+00 1.1520e+01
3.3200e-07 2.7381e+00 5.8761e+00 -1.9944e+01
3.3300e-07 9.1504e+00 1.9578e+01 5.4809e+00
3.3400e-07 1.3001e+00 1.8021e+01 -1.1410e+01
3.3500e-07 1.9953e+01 -2.1683e+01 -4.7957e+00
3.3600e-07 1.4091e+01 2.7605e+01 -1.9128e+01
3.3700e-07 2.5785e+00 1.0051e+01 -1.8034e+01
3.3800e-07 9.7503e+00 -1.4420e+01 -1.7087e+01
3.3900e-07 2.9721e+00 -1.3885e+01 -8.6556e+00
3.4000e-07 -1.5860e+00 -1.7732e+01 1.4553e+01
3.4100e-07 -1.6272e+01 3.4850e+00 1.2314e+01
3.4200e-07 -2.2054e+01 8.0994e+00 -2.7635e+00
3.4300e-07 -2.2036e+01 1.1333e+01 9.1452e+00
3.4400e-07 1.1489e+01 1.2536e+01 -1.3133e+01
3.4500e-07 5.9803e+00 2.5792e+01 7.2809e+00
3.4600e-07 5.5196e+00 2.3795e-01 9.0654e+00
3.4700e-07 -6.0406e-01 -1.4281e+01 -2.0499e+00
3.4800e-07 -3.1060e+00 2.3365e+01 -1.0045e+00
3.4900e-07 2.3836e+00 6.2574e+00 1.2702e+01
3.5000e-07 -2.6449e+00 7.8887e+00 -3.9606e+00
3.5100e-07 -1.3962e+01 -1.6027e+01 -2.7697e+01
3.5200e-07 -2.6725e+01 2.9323e+01 4.2110e+00
3.5300e-07 -6.0199e+00 3.5550e+01 4.2355e+00
3.5400e-07 -1.8940e+01 7.6305e+00 4.1066e+01
3.5500e-07 8.6484e+00 1.1218e+00 -2.4581e+01
3.5600e-07 1.9800e+01 1.4605e+01 -3.6630e+00
3.5700e-07 -3.3317e+01 2.3755e+00 -2.6094e+00
3.5800e-07 -1.2459e+00 4.6749e+00 -1.1067e+01
3.5900e-07 -6.2085e+00 -7.1463e+00 -2.2548e+01
3.6000e-07 6.0864e+00 1.2198e+01 -8.5193e+00
3.6100e-07 -3.5969e+00 -2.3618e+00 1.6030e+01
3.6200e-07 -1.4111e+01 1.1232e+01 3.1160e+00
3.6300e-07 1.1546e+01 -5.8518e-01 -2.1966e+00
3.6400e-07 -1.5930e+01 -9.7469e+00 9.5745e+00
3.6500e-07 2.6052e+01 -1.0207e+01 6.8003e+00
3.6600e-07 1.3877e+00 2.1775e+01 7.7022e+00
3.6700e-07 -1.4045e+01 -2.2431e+01 -5.9272e+00
3.6800e-07 1.2574e+01 -1.9621e+01 -9.6733e+00
3.6900e-07 -1.3105e+01 -1.8681e+01 -1.9467e+01
3.7000e-07 2.2983e+01 -1.5986e+01 -2.1060e+01
3.7100e-07 1.3672e+01 -7.8561e+00 5.2436e+00
3.7200e-07 -2.3182e+01 -1.7877e+01 -3.5197e+01
3.7300e-07 -2.0995e-01 5.6268e+00 -3.6327e+00
3.7400e-07 -5.2318e+00 -2.2457e+01 9.4017e+00
3.7500e-07 1.2840e+01 -1.9029e+01 7.3865e+00
3.7600e-07 1.3807e+01 5.0142e+00 -1.4519e+01
3.7700e-07 -7.8839e+00 -3.0303e+01 3.4269e+00
3.7800e-07 -1.4497e+00 -1.4051e+01 2.7382e+01
3.7900e-07 1.9033e+01 -3.5344e+00 3.8275e+00
3.8000e-07 -7.1078e+00 1.1993e+01 9.9816e+00
3.8100e-07 -4.8898e+01 1.5849e+01 1.2194e+01
3.8200e-07 3.4799e+00 -2.2423e+01 1.8782e+01
3.8300e-07 3.8341e+00 2.4926e+01 -1.7999e+01
3.8400e-07 4.1305e+00 -1.4424e+01 1.9622e+01
3.8500e-07 2.6403e+00 -5.4934e+00 -9.2245e+00
3.8600e-07 -1.3337e+01 2.3789e+01 -1.4978e+01
3.8700e-07 -1.9238e+01 1.7578e+01 2.2649e+01
3.8800e-07 1.8585e+01 -2.3942e+01 -1.0612e+01
3.8900e-07 2.1334e+01 -1.0713e+01 2.4997e+01
3.9000e-07 1.6819e+01 8.5158e+00 -1.9735e+00
3.9100e-07 2.4652e+01 3.1654e+00 6.6335e+00
3.9200e-07 1.3869e+01 3.5229e+00 -1.5840e+01
3.9300e-07 3.2966e+01 3.3796e-01 -1.0852e+01
3.9400e-07 2.9230e+00 -3.3419e+00 -6.5783e+00
3.9500e-07 1.5291e+01 -1.6679e+01 -4.8284e+00
3.9600e-07 2.2157e-01 -1.0319e+01 -4.6502e+00
3.9700e-07 -6.6792e+00 -9.6042e+00 7.8657e-01
3.9800e-07 -9.7272e+00 1.7205e+01 2.2079e+01
3.9900e-07 -1.3822e+01 -1.8175e+01 -1.8549e+01
4.0000e-07 8.8584e-01 -2.0784e+01 -1.4475e+01
4.0100e-07 2.7038e+01 -9.3367e-02 -5.4625e+00
4.0200e-07 5.1798e+00 8.7461e+00 5.1672e+00
4.0300e-07 8.2050e+00 -7.6833e+00 3.8188e+00
4.0400e-07 1.8032e+01 -8.4586e+00 -3.1807e-01
4.0500e-07 -2.0642e+01 5.0855e+00 -9.6674e+00
4.0600e-07 -1.1897e+00 2.3629e+01 5.5468e+00
4.0700e-07 1.9125e+01 2.5455e+00 -1.1658e+01
4.0800e-07 9.1463e-01 -3.5710e+01 -9.3191e+00
4.0900e-07 -4.7525e+00 -6.6084e+00 2.1044e+01
4.1000e-07 5.1389e+00 1.3480e+01 -2.3996e-01
4.1100e-07 2.1041e+01 1.2222e+00 -2.1565e+01
4.1200e-07 -2.4377e+00 2.5958e+01 -4.0367e+00
4.1300e-07 -1.0895e+01 1.4657e+01 -6.8490e+00
4.1400e-07 8.9877e-01 -1.8872e+01 -3.0765e+00
4.1500e-07 -3.6612e+01 -2.6974e+00 1.2143e+01
4.1600e-07 1.8909e+00 1.3787e+01 4.2296e-01
4.1700e-07 -3.5716e+01 2.0580e+01 -7.4651e+00
4.1800e-07 -1.5451e+01 -1.4058e+00 1.5387e+01
4.1900e-07 -7.2644e+00 -2.8523e+01 -1.0933e+01
4.2000e-07 -7.9812e+00 7.0991e+00 1.3683e+01
4.2100e-07 2.9483e+01 2.8085e+01 -2.3566e+01
4.2200e-07 -1.9718e+01 -9.6353e+00 1.0558e+00
4.2300e-07 9.5328e+00 -2.8803e+00 1.3535e+01
4.2400e-07 -3.6863e+00 2.0637e+01 3.4155e+00
4.2500e-07 3.6522e+00 -1.5409e+01 1.3502e+01
4.2600e-07 1.5329e+01 -1.3055e+01 -3.5900e+00
4.2700e-07 4.4938e+00 -1.2903e+00 1.0912e+01
4.2800e-07 -2.1707e+01 -2.9166e+00 -1.4744e+01
4.2900e-07 -1.4656e+01 -9.6394e+00 -2.1044e+01
4.3000e-07 -1.3331e+01 -9.4672e+00 1.2964e+01
4.3100e-07 -2.6072e+01 -9.1000e+00 6.5826e+00
4.3200e-07 1.1427e+01 -2.0833e+01 7.6515e+00
4.3300e-07 -7.1716e+00 3.2331e+01 -1.8802e+01
4.3400e-07 -1.9504e+01 -4.4664e+00 -5.4588e+00
4.3500e-07 1.0228e+01 -1.0114e+01 6.2020e+00
4.3600e-07 -3.5181e+00 -2.5932e+01 2.0160e+01
4.3700e-07 1.7323e+01 8.5047e+00 -1.1199e+01
4.3800e-07 1.0626e+01 1.0647e+01 2.1600e+00
4.3900e-07 2.1803e+01 -1.1448e+01 1.1315e+01
4.4000e-07 4.5823e+00 -1.1947e+01 -9.1076e+00
4.4100e-07 1.0472e+01 1.8795e+00 1.0806e+01
4.4200e-07 -1.5802e+01 -2.8545e+01 -8.8494e+00
4.4300e-07 -1.4626e+00 -1.4165e+01 -2.2590e+01
4.4400e-07 -1.3186e+01 -7.7397e+00 -2.2623e+01
4.4500e-07 3.0598e-02 -2.1508e+00 -1.4193e+01
4.4600e-07 1.0514e+01 -5.4232e+00 -5.3856e-01
4.4700e-07 1.9054e+01 -5.9902e+00 -2.4304e+01
4.4800e-07 1.9662e+00 1.8748e+01 -1.2242e+01
4.4900e-07 -1.2793e+01 1.5888e+01 4.3659e+00
4.5000e-07 -1.0575e+01 -1.8417e+01 -6.5828e+00
4.5100e-07 2.2186e+01 -1.1578e+01 -4.1311e+00
4.5200e-07 1.5240e+01 1.0365e+00 -1.5127e+01
4.5300e-07 -1.7413e+01 3.8458e-01 -6.9293e+00
4.5400e-07 -1.0312e+00 -1.4253e+00 -1.1249e+01
4.5500e-07 1.8118e+01 -1.8952e+01 3.7059e+00
4.5600e-07 -2.6444e+01 1.4904e+00 7.9614e+00
4.5700e-07 7.7708e+00 -1.4738e+01 -1.0512e+01
4.5800e-07 1.4948e+01 -5.0156e-01 1.8999e+00
4.5900e-07 -1.5017e+01 2.7164e+01 1.9784e+01
4.6000e-07 -2.6936e+01 -8.6825e+00 8.2639e+00
4.6100e-07 -1.6323e+01 -9.6866e-01 -3.2886e-01
4.6200e-07 1.1796e+00 4.3097e+00 2.2278e+01
4.6300e-07 -1.1433e+01 -2.0515e+01 -1.9427e+01
4.6400e-07 4.8620e+00 -2.8250e+00 1.3276e+01
4.6500e-07 8.3131e+00 -2.6957e+00 -1.3218e+01
4.6600e-07 -1.4049e+00 -9.8129e+00 3.2488e+00
4.6700e-07 -2.0894e+01 1.6986e+01 3.0692e+00
4.6800e-07 -1.2387e+01 -6.6396e+00 -7.1476e+00
4.6900e-07 -1.4406e+01 1.2306e+01 8.0759e+00
4.7000e-07 2.7204e+01 2.5536e+00 9.0476e+00
4.7100e-07 -3.3785e+01 1.5203e+01 1.8480e+01
4.7200e-07 2.7280e+01 -1.1201e+01 1.6344e-01
4.7300e-07 5.2123e+00 -7.9110e+00 1.5394e+01
4.7400e-07 -2.0675e+00 -3.4471e+00 -4.8444e+00
4.7500e-07 7.6264e+00 -1.7253e+01 -1.0369e+00
4.7600e-07 -1.9734e+01 9.9511e+00 -9.2527e+00
4.7700e-07 5.2538e+00 -6.6033e+00 -3.1000e+01
4.7800e-07 2.2884e+01 1.5844e+01 8.6103e+00
4.7900e-07 8.9726e+00 4.6201e+00 -4.2243e+01
4.8000e-07 -1.4124e+01 7.6408e-01 3.6531e+01
4.8100e-07 1.3678e+01 1.3872e+01 -8.4287e-01
4.8200e-07 4.2894e+00 -7.4602e-01 1.0694e+01
4.8300e-07 -1.1501e-01 -2.6238e+01 -1.3134e-02
4.8400e-07 -3.5353e+01 -1.9810e+01 -2.7611e+01
4.8500e-07 2.0031e+01 3.4481e+00 -8.1098e+00
4.8600e-07 8.0389e+00 1.8202e+00 -2.6434e+01
4.8700e-07 -5.1782e+00 1.3317e+01 5.8567e+00
4.8800e-07 -9.5416e+00 -2.1847e+01 1.5414e+01
4.8900e-07 -8.7236e+00 3.3556e+01 4.9186e+00
4.9000e-07 2.0221e+01 6.2370e+00 -7.4611e+00
4.9100e-07 2.2270e+01 2.8096e+01 3.4571e+00
4.9200e-07 -7.5170e+00 -1.1083e+01 -1.8351e+01
4.9300e-07 -1.3794e+01 5.8950e+00 7.3398e+00
4.9400e-07 2.4837e+01 -4.7963e+00 -3.9801e+00
4.9500e-07 -3.3687e+01 -5.9635e+00 9.9001e+00
4.9600e-07 6.0782e-02 2.4669e+01 -6.1376e+00
4.9700e-07 -2.9758e+00 -1.9930e+01 2.3238e+00
4.9800e-07 -2.9998e+01 -2.8286e+00 -1.1202e+01
4.9900e-07 1.1770e+01 -2.9216e+01 -2.6416e+00
5.0000e-07 1.6306e+01 3.6143e+00 6.9046e+00
5.0100e-07 -1.3955e+01 -6.3575e+00 -6.6768e-01
5.0200e-07 -2.1868e+01 2.6467e+00 6.2028e+00
5.0300e-07 -1.9937e+01 9.9072e+00 -6.9655e+00
5.0400e-07 7.1063e+00 -6.2079e+00 -1.7826e+01
5.0500e-07 9.4873e+00 -1.2584e+01 -7.5443e-02
5.0600e-07 -4.6288e+00 6.1288e+00 -1.6061e+01
5.0700e-07 1.0072e+01 -1.0128e+01 -1.5174e+01
5.0800e-07 -7.3546e+00 -5.5659e+00 -2.0275e+01
5.0900e-07 1.7910e+00 3.8403e+00 -1.0091e+01
5.1000e-07 3.0238e+01 1.1843e+01 2.1899e+01
5.1100e-07 -1.4431e+01 -3.4650e+00 1.5363e+01
5.1200e-07 7.2787e+00 2.3498e+00 1.0511e+01
5.1300e-07 -2.4047e+01 -6.5366e+00 2.3105e+00
5.1400e-07 -2.5596e+00 1.9981e+01 -1.2628e+01
5.1500e-07 -3.3121e+00 -1.8154e+01 -6.5181e+00
5.1600e-07 -1.0674e+01 -2.7887e+00 -6.0693e+00
5.1700e-07 -3.0960e+00 -1.9827e+01 2.0584e+01
5.1800e-07 -1.5467e+01 1.3622e+01 3.5170e+00
5.1900e-07 1.1539e+01 -1.4469e+01 -1.1067e+01
5.2000e-07 -8.7560e+00 -6.4464e+00 -5.3482e+00
5.2100e-07 -1.0196e+01 -6.4961e+00 -1.1262e+01
5.2200e-07 4.6058e+00 -1.0622e+00 -1.4222e+01
5.2300e-07 1.7322e+01 6.3877e-01 8.5596e+00
5.2400e-07 1.0237e+01 3.9535e+00 -8.7044e+00
5.2500e-07 -1.6999e+01 -1.2935e+00 -4.4251e+01
5.2600e-07 -2.6303e+00 2.7524e+00 4.0109e+01
5.2700e-07 -2.7148e+01 -3.0150e+00 1.5261e+00
5.2800e-07 -7.3905e+00 6.8136e+00 1.0001e+01
5.2900e-07 2.3533e+00 -3.0705e+01 3.3553e+00
5.3000e-07 -7.9819e-01 -1.5836e+01 -1.4517e+01
5.3100e-07 6.5511e+00 -3.1277e+00 1.3339e+01
5.3200e-07 2.3579e-01 2.7382e+00 -2.2336e+01
5.3300e-07 -2.3084e+01 -1.4428e-01 -1.7970e+01
5.3400e-07 3.1610e+01 -1.3246e+01 -2.8300e+01
5.3500e-07 2.1310e+01 -5.6419e-01 2.9870e+01
5.3600e-07 -1.4578e+01 8.7677e+00 -1.4206e+01
5.3700e-07 -1.9714e+01 -3.9834e+00 -1.1385e+01
5.3800e-07 -2.9855e+00 9.9719e-01 -9.4455e+00
5.3900e-07 -3.5644e+01 -1.7872e+01 1.7870e+01
5.4000e-07 3.1184e-01 -2.1224e+01 1.0257e+01
5.4100e-07 -2.3808e+01 7.1904e+00 -2.5925e+01
5.4200e-07 -3.8141e+00 1.6700e+01 3.2046e+01
5.4300e-07 -9.6931e+00 7.4189e+00 -2.1275e+00
5.4400e-07 -1.5165e+01 -2.1172e+01 -3.2546e+01
5.4500e-07 2.8554e+01 -1.6572e+00 -1.1439e+00
5.4600e-07 -2.1305e+00 -8.4335e+00 1.7295e+01
5.4700e-07 -1.6389e+01 8.0181e+00 -1.2748e+01
5.4800e-07 2.3976e+00 1.3349e+01 -2.6606e+01
5.4900e-07 -1.3810e+01 3.4892e+01 4.8869e+00
5.5000e-07 -6.8078e+00 -2.0425e+01 1.0490e+00
5.5100e-07 2.5071e+01 8.9852e-01 -2.3263e+01
5.5200e-07 8.2091e+00 1.0276e+01 -1.5237e-01
5.5300e-07 -4.4320e+00 1.1703e+01 7.8757e+00
5.5400e-07 -1.7761e+01 1.5560e+01 2.0826e+00
5.5500e-07 4.5997e+00 6.5859e+00 1.6653e+01
5.5600e-07 -1.5373e+01 -2.0018e+01 7.8307e+00
5.5700e-07 -3.6787e+01 -6.4558e+00 8.2016e+00
5.5800e-07 -1.0585e+01 -1.9872e+01 7.7074e+00
5.5900e-07 -4.5453e+00 -4.5891e+00 1.3132e+01
5.6000e-07 -4.5149e+00 3.8076e+00 -1.0145e+00
5.6100e-07 1.3839e+01 -3.6749e+00 -2.1438e+01
5.6200e-07 3.0834e+01 -7.5751e+00 1.1975e+01
5.6300e-07 2.5201e+01 2.9776e+00 -3.3813e-01
5.6400e-07 -1.0744e+01 -2.9755e+01 -2.5349e+01
5.6500e-07 5.3241e+00 -1.8240e+01 -1.7745e+01
5.6600e-07 1.0676e+01 -1.1327e+01 -1.3059e+01
5.6700e-07 -2.2628e+01 -5.1016e-02 -1.3068e+01
5.6800e-07 2.6496e+01 1.1012e+01 -6.2605e+00
5.6900e-07 -1.2283e+00 1.4744e+01 1.5202e+01
5.7000e-07 -1.6593e+00 1.3055e+01 2.6287e+01
5.7100e-07 -5.4872e+00 -1.3268e+00 -1.7608e+01
5.7200e-07 -2.2956e+01 1.7037e+01 -6.1739e+00
5.7300e-07 1.4805e+00 -1.2347e+01 4.3541e+00
5.7400e-07 -2.9612e+01 2.7361e+01 1.5510e+00
5.7500e-07 1.2222e+01 -1.3361e+01 -1.5793e+01
5.7600e-07 1.2881e+01 -7.4010e+00 -4.5249e+00
5.7700e-07 9.9391e+00 -6.3432e+00 3.8285e+00
5.7800e-07 2.1249e+01 -3.2946e+01 -3.7934e+00
5.7900e-07 -1.3562e+01 1.2254e+01 -3.4589e+00
5.8000e-07 2.2723e+00 6.7495e+00 8.3890e+00
5.8100e-07 -2.2506e+01 7.0156e+00 2.9453e+01
5.8200e-07 -4.1961e+00 2.4947e+01 2.1308e+01
5.8300e-07 2.3704e+01 -1.9790e+01 -8.2961e+00
5.8400e-07 2.1305e+01 -6.7510e+00 -1.4356e+00
5.8500e-07 1.2144e+01 -1.6522e+01 -8.6156e+00
5.8600e-07 -4.6447e+01 4.8831e+00 2.8328e-01
5.8700e-07 -6.4779e+00 -2.4403e+00 -6.8121e-01
5.8800e-07 2.2331e+01 -2.7104e+01 6.7065e-01
5.8900e-07 -1.5899e+01 2.4379e+00 -8.6567e+00
5.9000e-07 -1.1261e+01 5.3302e+00 1.3245e+00
5.9100e-07 -6.3321e-01 1.5647e+01 3.3735e+00
5.9200e-07 -1.3149e+00 -1.4524e+01 -2.3145e+01
5.9300e-07 -8.4969e+00 2.2432e+01 -3.0811e+00
5.9400e-07 7.3780e+00 3.6375e+00 -1.0648e+01
5.9500e-07 3.1578e+00 -4.5937e+00 2.1053e+00
5.9600e-07 5.0952e+00 -2.9209e-01 2.5248e+01
5.9700e-07 -1.0672e+01 2.5346e+00 -1.2673e+01
5.9800e-07 2.7089e+00 1.7102e+00 -2.3715e+01
