 -38961.089  -19638.163     -26.887
 -38206.683  -19005.141     146.761
 -37452.276  -18372.118     320.410
 -36697.870  -17739.096     494.058
 -35943.463  -17106.074     667.706
 -35189.057  -16473.052     841.354
 -34434.650  -15840.030    1015.002
 -33680.244  -15207.007    1188.650
 -32925.837  -14573.985    1362.299
 -32171.431  -13940.963    1535.947
 -31417.024  -13307.941    1709.595
 -30662.618  -12674.918    1883.243
 -29908.211  -12041.896    2056.891
 -29153.805  -11408.874    2230.540
 -28399.398  -10775.852    2404.188
 -27644.992  -10142.830    2577.836
 -26890.585   -9509.807    2751.484
 -26136.179   -8876.785    2925.132
 -25381.772   -8243.763    3098.780
 -24627.366   -7610.741    3272.429
 -23872.959   -6977.718    3446.077
 -38318.302  -20404.207     -26.887
 -37563.895  -19771.185     146.761
 -36809.489  -19138.163     320.410
 -36055.082  -18505.141     494.058
 -35300.676  -17872.118     667.706
 -34546.269  -17239.096     841.354
 -33791.863  -16606.074    1015.002
 -33037.456  -15973.052    1188.650
 -32283.050  -15340.030    1362.299
 -31528.643  -14707.007    1535.947
 -30774.237  -14073.985    1709.595
 -30019.830  -13440.963    1883.243
 -29265.424  -12807.941    2056.891
 -28511.017  -12174.918    2230.540
 -27756.611  -11541.896    2404.188
 -27002.204  -10908.874    2577.836
 -26247.798  -10275.852    2751.484
 -25493.391   -9642.830    2925.132
 -24738.985   -9009.807    3098.780
 -23984.578   -8376.785    3272.429
 -23230.172   -7743.763    3446.077
 -37675.514  -21170.252     -26.887
 -36921.108  -20537.230     146.761
 -36166.701  -19904.207     320.410
 -35412.295  -19271.185     494.058
 -34657.888  -18638.163     667.706
 -33903.482  -18005.141     841.354
 -33149.075  -17372.118    1015.002
 -32394.669  -16739.096    1188.650
 -31640.262  -16106.074    1362.299
 -30885.856  -15473.052    1535.947
 -30131.449  -14840.030    1709.595
 -29377.043  -14207.007    1883.243
 -28622.636  -13573.985    2056.891
 -27868.230  -12940.963    2230.540
 -27113.823  -12307.941    2404.188
 -26359.417  -11674.918    2577.836
 -25605.010  -11041.896    2751.484
 -24850.604  -10408.874    2925.132
 -24096.197   -9775.852    3098.780
 -23341.791   -9142.830    3272.429
 -22587.384   -8509.807    3446.077
 -37032.727  -21936.296     -26.887
 -36278.320  -21303.274     146.761
 -35523.914  -20670.252     320.410
 -34769.507  -20037.230     494.058
 -34015.101  -19404.207     667.706
 -33260.694  -18771.185     841.354
 -32506.288  -18138.163    1015.002
 -31751.881  -17505.141    1188.650
 -30997.475  -16872.118    1362.299
 -30243.068  -16239.096    1535.947
 -29488.662  -15606.074    1709.595
 -28734.255  -14973.052    1883.243
 -27979.849  -14340.030    2056.891
 -27225.442  -13707.007    2230.540
 -26471.036  -13073.985    2404.188
 -25716.629  -12440.963    2577.836
 -24962.223  -11807.941    2751.484
 -24207.816  -11174.918    2925.132
 -23453.410  -10541.896    3098.780
 -22699.003   -9908.874    3272.429
 -21944.597   -9275.852    3446.077
 -36389.939  -22702.341     -26.887
 -35635.533  -22069.318     146.761
 -34881.126  -21436.296     320.410
 -34126.720  -20803.274     494.058
 -33372.313  -20170.252     667.706
 -32617.907  -19537.230     841.354
 -31863.500  -18904.207    1015.002
 -31109.093  -18271.185    1188.650
 -30354.687  -17638.163    1362.299
 -29600.280  -17005.141    1535.947
 -28845.874  -16372.118    1709.595
 -28091.467  -15739.096    1883.243
 -27337.061  -15106.074    2056.891
 -26582.654  -14473.052    2230.540
 -25828.248  -13840.030    2404.188
 -25073.841  -13207.007    2577.836
 -24319.435  -12573.985    2751.484
 -23565.028  -11940.963    2925.132
 -22810.622  -11307.941    3098.780
 -22056.215  -10674.918    3272.429
 -21301.809  -10041.896    3446.077
 -35747.151  -23468.385     -26.887
 -34992.745  -22835.363     146.761
 -34238.338  -22202.341     320.410
 -33483.932  -21569.318     494.058
 -32729.525  -20936.296     667.706
 -31975.119  -20303.274     841.354
 -31220.712  -19670.252    1015.002
 -30466.306  -19037.230    1188.650
 -29711.899  -18404.207    1362.299
 -28957.493  -17771.185    1535.947
 -28203.086  -17138.163    1709.595
 -27448.680  -16505.141    1883.243
 -26694.273  -15872.118    2056.891
 -25939.867  -15239.096    2230.540
 -25185.460  -14606.074    2404.188
 -24431.054  -13973.052    2577.836
 -23676.647  -13340.030    2751.484
 -22922.241  -12707.007    2925.132
 -22167.834  -12073.985    3098.780
 -21413.428  -11440.963    3272.429
 -20659.021  -10807.941    3446.077
 -35104.364  -24234.430     -26.887
 -34349.957  -23601.407     146.761
 -33595.551  -22968.385     320.410
 -32841.144  -22335.363     494.058
 -32086.738  -21702.341     667.706
 -31332.331  -21069.318     841.354
 -30577.925  -20436.296    1015.002
 -29823.518  -19803.274    1188.650
 -29069.112  -19170.252    1362.299
 -28314.705  -18537.230    1535.947
 -27560.299  -17904.207    1709.595
 -26805.892  -17271.185    1883.243
 -26051.486  -16638.163    2056.891
 -25297.079  -16005.141    2230.540
 -24542.673  -15372.118    2404.188
 -23788.266  -14739.096    2577.836
 -23033.860  -14106.074    2751.484
 -22279.453  -13473.052    2925.132
 -21525.047  -12840.030    3098.780
 -20770.640  -12207.007    3272.429
 -20016.234  -11573.985    3446.077
 -34461.576  -25000.474     -26.887
 -33707.170  -24367.452     146.761
 -32952.763  -23734.430     320.410
 -32198.357  -23101.407     494.058
 -31443.950  -22468.385     667.706
 -30689.544  -21835.363     841.354
 -29935.137  -21202.341    1015.002
 -29180.731  -20569.318    1188.650
 -28426.324  -19936.296    1362.299
 -27671.918  -19303.274    1535.947
 -26917.511  -18670.252    1709.595
 -26163.105  -18037.230    1883.243
 -25408.698  -17404.207    2056.891
 -24654.292  -16771.185    2230.540
 -23899.885  -16138.163    2404.188
 -23145.479  -15505.141    2577.836
 -22391.072  -14872.118    2751.484
 -21636.666  -14239.096    2925.132
 -20882.259  -13606.074    3098.780
 -20127.853  -12973.052    3272.429
 -19373.446  -12340.030    3446.077
 -33818.789  -25766.518     -26.887
 -33064.382  -25133.496     146.761
 -32309.976  -24500.474     320.410
 -31555.569  -23867.452     494.058
 -30801.163  -23234.430     667.706
 -30046.756  -22601.407     841.354
 -29292.350  -21968.385    1015.002
 -28537.943  -21335.363    1188.650
 -27783.537  -20702.341    1362.299
 -27029.130  -20069.318    1535.947
 -26274.724  -19436.296    1709.595
 -25520.317  -18803.274    1883.243
 -24765.911  -18170.252    2056.891
 -24011.504  -17537.230    2230.540
 -23257.098  -16904.207    2404.188
 -22502.691  -16271.185    2577.836
 -21748.284  -15638.163    2751.484
 -20993.878  -15005.141    2925.132
 -20239.471  -14372.118    3098.780
 -19485.065  -13739.096    3272.429
 -18730.658  -13106.074    3446.077
 -33176.001  -26532.563     -26.887
 -32421.594  -25899.541     146.761
 -31667.188  -25266.518     320.410
 -30912.781  -24633.496     494.058
 -30158.375  -24000.474     667.706
 -29403.968  -23367.452     841.354
 -28649.562  -22734.430    1015.002
 -27895.155  -22101.407    1188.650
 -27140.749  -21468.385    1362.299
 -26386.342  -20835.363    1535.947
 -25631.936  -20202.341    1709.595
 -24877.529  -19569.318    1883.243
 -24123.123  -18936.296    2056.891
 -23368.716  -18303.274    2230.540
 -22614.310  -17670.252    2404.188
 -21859.903  -17037.230    2577.836
 -21105.497  -16404.207    2751.484
 -20351.090  -15771.185    2925.132
 -19596.684  -15138.163    3098.780
 -18842.277  -14505.141    3272.429
 -18087.871  -13872.118    3446.077
 -32533.213  -27298.607     -26.887
 -31778.807  -26665.585     146.761
 -31024.400  -26032.563     320.410
 -30269.994  -25399.541     494.058
 -29515.587  -24766.518     667.706
 -28761.181  -24133.496     841.354
 -28006.774  -23500.474    1015.002
 -27252.368  -22867.452    1188.650
 -26497.961  -22234.430    1362.299
 -25743.555  -21601.407    1535.947
 -24989.148  -20968.385    1709.595
 -24234.742  -20335.363    1883.243
 -23480.335  -19702.341    2056.891
 -22725.929  -19069.318    2230.540
 -21971.522  -18436.296    2404.188
 -21217.116  -17803.274    2577.836
 -20462.709  -17170.252    2751.484
 -19708.303  -16537.230    2925.132
 -18953.896  -15904.207    3098.780
 -18199.490  -15271.185    3272.429
 -17445.083  -14638.163    3446.077
 -31890.426  -28064.652     -26.887
 -31136.019  -27431.630     146.761
 -30381.613  -26798.607     320.410
 -29627.206  -26165.585     494.058
 -28872.800  -25532.563     667.706
 -28118.393  -24899.541     841.354
 -27363.987  -24266.518    1015.002
 -26609.580  -23633.496    1188.650
 -25855.174  -23000.474    1362.299
 -25100.767  -22367.452    1535.947
 -24346.361  -21734.430    1709.595
 -23591.954  -21101.407    1883.243
 -22837.548  -20468.385    2056.891
 -22083.141  -19835.363    2230.540
 -21328.735  -19202.341    2404.188
 -20574.328  -18569.318    2577.836
 -19819.922  -17936.296    2751.484
 -19065.515  -17303.274    2925.132
 -18311.109  -16670.252    3098.780
 -17556.702  -16037.230    3272.429
 -16802.296  -15404.207    3446.077
 -31247.638  -28830.696     -26.887
 -30493.232  -28197.674     146.761
 -29738.825  -27564.652     320.410
 -28984.419  -26931.630     494.058
 -28230.012  -26298.607     667.706
 -27475.606  -25665.585     841.354
 -26721.199  -25032.563    1015.002
 -25966.793  -24399.541    1188.650
 -25212.386  -23766.518    1362.299
 -24457.980  -23133.496    1535.947
 -23703.573  -22500.474    1709.595
 -22949.167  -21867.452    1883.243
 -22194.760  -21234.430    2056.891
 -21440.354  -20601.407    2230.540
 -20685.947  -19968.385    2404.188
 -19931.541  -19335.363    2577.836
 -19177.134  -18702.341    2751.484
 -18422.728  -18069.318    2925.132
 -17668.321  -17436.296    3098.780
 -16913.915  -16803.274    3272.429
 -16159.508  -16170.252    3446.077
 -30604.851  -29596.741     -26.887
 -29850.444  -28963.718     146.761
 -29096.038  -28330.696     320.410
 -28341.631  -27697.674     494.058
 -27587.225  -27064.652     667.706
 -26832.818  -26431.630     841.354
 -26078.412  -25798.607    1015.002
 -25324.005  -25165.585    1188.650
 -24569.598  -24532.563    1362.299
 -23815.192  -23899.541    1535.947
 -23060.785  -23266.518    1709.595
 -22306.379  -22633.496    1883.243
 -21551.972  -22000.474    2056.891
 -20797.566  -21367.452    2230.540
 -20043.159  -20734.430    2404.188
 -19288.753  -20101.407    2577.836
 -18534.346  -19468.385    2751.484
 -17779.940  -18835.363    2925.132
 -17025.533  -18202.341    3098.780
 -16271.127  -17569.318    3272.429
 -15516.720  -16936.296    3446.077
 -29962.063  -30362.785     -26.887
 -29207.656  -29729.763     146.761
 -28453.250  -29096.741     320.410
 -27698.843  -28463.718     494.058
 -26944.437  -27830.696     667.706
 -26190.030  -27197.674     841.354
 -25435.624  -26564.652    1015.002
 -24681.217  -25931.630    1188.650
 -23926.811  -25298.607    1362.299
 -23172.404  -24665.585    1535.947
 -22417.998  -24032.563    1709.595
 -21663.591  -23399.541    1883.243
 -20909.185  -22766.518    2056.891
 -20154.778  -22133.496    2230.540
 -19400.372  -21500.474    2404.188
 -18645.965  -20867.452    2577.836
 -17891.559  -20234.430    2751.484
 -17137.152  -19601.407    2925.132
 -16382.746  -18968.385    3098.780
 -15628.339  -18335.363    3272.429
 -14873.933  -17702.341    3446.077
 -29319.275  -31128.830     -26.887
 -28564.869  -30495.807     146.761
 -27810.462  -29862.785     320.410
 -27056.056  -29229.763     494.058
 -26301.649  -28596.741     667.706
 -25547.243  -27963.718     841.354
 -24792.836  -27330.696    1015.002
 -24038.430  -26697.674    1188.650
 -23284.023  -26064.652    1362.299
 -22529.617  -25431.630    1535.947
 -21775.210  -24798.607    1709.595
 -21020.804  -24165.585    1883.243
 -20266.397  -23532.563    2056.891
 -19511.991  -22899.541    2230.540
 -18757.584  -22266.518    2404.188
 -18003.178  -21633.496    2577.836
 -17248.771  -21000.474    2751.484
 -16494.365  -20367.452    2925.132
 -15739.958  -19734.430    3098.780
 -14985.552  -19101.407    3272.429
 -14231.145  -18468.385    3446.077
 -28676.488  -31894.874     -26.887
 -27922.081  -31261.852     146.761
 -27167.675  -30628.830     320.410
 -26413.268  -29995.807     494.058
 -25658.862  -29362.785     667.706
 -24904.455  -28729.763     841.354
 -24150.049  -28096.741    1015.002
 -23395.642  -27463.718    1188.650
 -22641.236  -26830.696    1362.299
 -21886.829  -26197.674    1535.947
 -21132.423  -25564.652    1709.595
 -20378.016  -24931.630    1883.243
 -19623.610  -24298.607    2056.891
 -18869.203  -23665.585    2230.540
 -18114.797  -23032.563    2404.188
 -17360.390  -22399.541    2577.836
 -16605.984  -21766.518    2751.484
 -15851.577  -21133.496    2925.132
 -15097.171  -20500.474    3098.780
 -14342.764  -19867.452    3272.429
 -13588.358  -19234.430    3446.077
 -28033.700  -32660.918     -26.887
 -27279.294  -32027.896     146.761
 -26524.887  -31394.874     320.410
 -25770.481  -30761.852     494.058
 -25016.074  -30128.830     667.706
 -24261.668  -29495.807     841.354
 -23507.261  -28862.785    1015.002
 -22752.855  -28229.763    1188.650
 -21998.448  -27596.741    1362.299
 -21244.042  -26963.718    1535.947
 -20489.635  -26330.696    1709.595
 -19735.229  -25697.674    1883.243
 -18980.822  -25064.652    2056.891
 -18226.416  -24431.630    2230.540
 -17472.009  -23798.607    2404.188
 -16717.603  -23165.585    2577.836
 -15963.196  -22532.563    2751.484
 -15208.789  -21899.541    2925.132
 -14454.383  -21266.518    3098.780
 -13699.976  -20633.496    3272.429
 -12945.570  -20000.474    3446.077
 -27390.912  -33426.963     -26.887
 -26636.506  -32793.941     146.761
 -25882.099  -32160.918     320.410
 -25127.693  -31527.896     494.058
 -24373.286  -30894.874     667.706
 -23618.880  -30261.852     841.354
 -22864.473  -29628.830    1015.002
 -22110.067  -28995.807    1188.650
 -21355.660  -28362.785    1362.299
 -20601.254  -27729.763    1535.947
 -19846.847  -27096.741    1709.595
 -19092.441  -26463.718    1883.243
 -18338.034  -25830.696    2056.891
 -17583.628  -25197.674    2230.540
 -16829.221  -24564.652    2404.188
 -16074.815  -23931.630    2577.836
 -15320.408  -23298.607    2751.484
 -14566.002  -22665.585    2925.132
 -13811.595  -22032.563    3098.780
 -13057.189  -21399.541    3272.429
 -12302.782  -20766.518    3446.077
 -26748.125  -34193.007     -26.887
 -25993.718  -33559.985     146.761
 -25239.312  -32926.963     320.410
 -24484.905  -32293.941     494.058
 -23730.499  -31660.918     667.706
 -22976.092  -31027.896     841.354
 -22221.686  -30394.874    1015.002
 -21467.279  -29761.852    1188.650
 -20712.873  -29128.830    1362.299
 -19958.466  -28495.807    1535.947
 -19204.060  -27862.785    1709.595
 -18449.653  -27229.763    1883.243
 -17695.247  -26596.741    2056.891
 -16940.840  -25963.718    2230.540
 -16186.434  -25330.696    2404.188
 -15432.027  -24697.674    2577.836
 -14677.621  -24064.652    2751.484
 -13923.214  -23431.630    2925.132
 -13168.808  -22798.607    3098.780
 -12414.401  -22165.585    3272.429
 -11659.995  -21532.563    3446.077
 -26105.337  -34959.052     -26.887
 -25350.931  -34326.030     146.761
 -24596.524  -33693.007     320.410
 -23842.118  -33059.985     494.058
 -23087.711  -32426.963     667.706
 -22333.305  -31793.941     841.354
 -21578.898  -31160.918    1015.002
 -20824.492  -30527.896    1188.650
 -20070.085  -29894.874    1362.299
 -19315.679  -29261.852    1535.947
 -18561.272  -28628.830    1709.595
 -17806.866  -27995.807    1883.243
 -17052.459  -27362.785    2056.891
 -16298.053  -26729.763    2230.540
 -15543.646  -26096.741    2404.188
 -14789.240  -25463.718    2577.836
 -14034.833  -24830.696    2751.484
 -13280.427  -24197.674    2925.132
 -12526.020  -23564.652    3098.780
 -11771.614  -22931.630    3272.429
 -11017.207  -22298.607    3446.077
