# X [m]   Y [m]   Z [m]
-604.470785614     -7324.23866442     2188.6608103
374.809311941     -7121.72819424     2289.39140315
-1786.26135335     -6547.46903705     2065.45451926
-806.981255795     -6344.95856687     2130.03905103
172.29884176     -6142.44809669     2185.87310935
1151.57893932     -5939.93762651     2330.14805193
-2968.05192109     -5770.69940968     2013.64906153
-1988.77182353     -5568.1889395     2082.79403545
-1009.49172598     -5365.67846932     2103.28691484
-30.2116284208     -5163.16799913     2160.17574052
949.068469134     -4960.65752895     2351.59413545
1928.34856669     -4758.14705877     2354.24349884
-4149.84248882     -4993.9297823     2013.10726014
-3170.56239127     -4791.41931212     2032.47178491
-2191.28229371     -4588.90884194     2041.41613807
-1212.00219616     -4386.39837176     2088.54795423
-232.722098602     -4183.88790158     2132.93316837
746.557998953     -3981.3774314     2283.44688478
1725.83809651     -3778.86696122     2318.89691426
2705.11819406     -3576.35649104     2382.09306238
3684.39829162     -3373.84602086     2439.68142547
-5331.63305656     -4217.16015493     2030.86909791
-4352.352959     -4014.64968475     2028.20863444
-3373.07286145     -3812.13921457     2040.67985114
-2393.79276389     -3609.62874439     2050.54441456
-1414.51266634     -3407.11827421     2082.83832589
-435.232568783     -3204.60780402     2176.7548072
544.047528772     -3002.09733384     2258.39233974
1523.32762633     -2799.58686366     2280.0799892
2502.60772388     -2597.07639348     2314.5806643
3481.88782144     -2394.5659233     2383.0073604
4461.16791899     -2192.05545312     2511.8752126
-5534.14352674     -3237.88005737     2058.12491347
-4554.86342918     -3035.36958719     2034.14051177
-3575.58333163     -2832.85911701     2047.34679309
-2596.30323407     -2630.34864683     2063.04587625
-1617.02313652     -2427.83817665     2079.54229983
-637.743038964     -2225.32770647     2139.65046983
341.537058591     -2022.81723629     2218.23183508
1320.81715615     -1820.30676611     2253.25128424
2300.0972537     -1617.79629593     2281.89866876
3279.37735126     -1415.28582575     2352.42032153
4258.65744881     -1212.77535556     2433.39559438
-6715.93409447     -2461.11043     2122.83903132
-5736.65399692     -2258.59995982     2070.62998471
-4757.37389936     -2056.08948964     2073.66631732
-3778.09380181     -1853.57901946     2055.95153331
-2798.81370425     -1651.06854928     2078.8512058
-1819.5336067     -1448.5580791     2090.72103428
-840.253509145     -1246.04760891     2122.37412914
139.02658841     -1043.53713873     2180.65501099
1118.30668596     -841.026668553     2183.53237954
2097.58678352     -638.516198371     2266.44400524
3076.86688107     -436.00572819     2322.11284388
4056.14697863     -233.495258009     2415.57453628
-6918.44456466     -1481.83033245     2161.7863169
-5939.1644671     -1279.31986226     2137.98200412
-4959.88436955     -1076.80939208     2188.49046368
-3980.60427199     -874.298921903     2092.40242426
-3001.32417444     -671.788451722     2087.17187989
-2022.04407688     -469.277981541     2108.35053945
-1042.76397933     -266.76751136     2122.63026441
-63.4838817712     -64.2570411787     2125.28312299
915.796215784     138.253429002     2139.78631146
1895.07631334     340.763899183     2240.04951259
2874.35641089     543.274369364     2291.13832806
3853.63650845     745.784839545     2380.37250943
4832.916606     948.295309727     2488.6799721
-6141.67493728     -300.03976471     2162.23047456
-5162.39483973     -97.5292945291     2183.22350572
-4183.11474217     104.981175652     2177.9882327
-3203.83464462     307.491645833     2128.64161038
-2224.55454706     510.002116014     2113.84678739
-1245.27444951     712.512586195     2124.12102435
-265.994351952     915.023056376     2142.96584724
713.285745603     1117.53352656     2156.31279419
1692.56584316     1320.04399674     2186.13290136
2671.84594071     1522.55446692     2263.07972906
3651.12603827     1725.0649371     2347.46518849
4630.40613582     1927.57540728     2425.81255063
5609.68623338     2130.08587746     2545.02071324
-4385.62521235     1084.26127321     2223.4981391
-3406.3451148     1286.77174339     2190.43307047
-2427.06501724     1489.28221357     2143.40314267
-1447.78491969     1691.79268375     2146.60392886
-468.504822133     1894.30315393     2159.09679068
510.775275422     2096.81362411     2172.62170292
1490.05537298     2299.32409429     2181.16157937
2469.33547053     2501.83456447     2214.68356143
3448.61556809     2704.34503466     2298.8272281
4427.89566564     2906.85550484     2414.90662932
5407.1757632     3109.36597502     2472.42653662
6386.45586075     3311.8764452     2582.23863098
7365.73595831     3514.38691538     2654.78851876
-3608.85558498     2266.05184094     2371.64018168
-2629.57548742     2468.56231112     2228.09418279
-1650.29538987     2671.0727813     2177.74508923
-671.015292314     2873.58325149     2154.69136165
308.264805241     3076.09372167     2179.2477968
1287.5449028     3278.60419185     2198.54531719
2266.82500035     3481.11466203     2225.45875729
3246.10509791     3683.62513221     2283.51479023
4225.38519546     3886.13560239     2364.21441653
5204.66529301     4088.64607257     2435.65521961
6183.94539057     4291.15654275     2482.70210952
7163.22548812     4493.66701293     2583.95875314
8142.50558568     4696.17748312     2629.38800931
9121.78568323     4898.6879533     2658.76765149
-1852.80586005     3650.35287886     2266.52862641
-873.525762495     3852.86334904     2218.28826026
105.75433506     4055.37381922     2183.63808961
1085.03443261     4257.8842894     2213.62408693
2064.31453017     4460.39475958     2231.79860936
3043.59462772     4662.90522976     2254.28541573
4022.87472528     4865.41569995     2310.22597234
5002.15482283     5067.92617013     2361.81117129
5981.43492039     5270.43664031     2443.76416328
6960.71501794     5472.94711049     2480.22547556
7939.9951155     5675.45758067     2570.68039595
8919.27521305     5877.96805085     2624.86611954
9898.55531061     6080.47852103     2686.38508548
-96.7561351215     5034.65391678     2239.22100526
882.523962433     5237.16438696     2249.75572
1861.80405999     5439.67485714     2237.07654082
2841.08415754     5642.18532732     2248.99151949
3820.3642551     5844.6957975     2304.62178453
4799.64435265     6047.20626768     2322.25908855
5778.92445021     6249.71673786     2396.35876025
6758.20454776     6452.22720804     2490.12110869
7737.48464532     6654.73767822     2528.17162961
8716.76474287     6857.24814841     2583.13168245
9696.04484043     7059.75861859     2673.55441755
680.013492252     6216.44448451     2356.43411496
1659.29358981     6418.95495469     2341.45737931
2638.57368736     6621.46542487     2339.15767413
3617.85378492     6823.97589506     2286.14902738
4597.13388247     7026.48636524     2350.88107716
5576.41398003     7228.99683542     2381.19288024
6555.69407758     7431.5073056     2394.28983887
7534.97417514     7634.01777578     2475.55106887
8514.25427269     7836.52824596     2547.88187394
9493.53437025     8039.03871614     2582.53765228
1456.78311963     7398.23505225     2450.58718276
2436.06321718     7600.74552243     2408.93745077
3415.34331474     7803.25599261     2339.68271425
4394.62341229     8005.76646279     2314.12683971
5373.90350985     8208.27693297     2352.24419231
6353.1836074     8410.78740315     2420.95167377
7332.46370496     8613.29787333     2496.70184914
8311.74380251     8815.80834352     2507.28892319
9291.02390006     9018.3188137     2620.86258293
3212.83284455     8782.53609017     2487.62900224
4192.11294211     8985.04656035     2398.05629139
5171.39303966     9187.55703053     2349.4884582
6150.67313722     9390.06750071     2435.90900217
7129.95323477     9592.57797089     2427.32182882
8109.23333233     9795.08844107     2487.95793147
9088.51342988     9997.59891125     2569.02428583
10067.7935274     10200.1093814     2692.83367089
3989.60247193     9964.3266579     2599.30184158
4968.88256948     10166.8371281     2559.51351899
5948.16266704     10369.3475983     2460.51616142
6927.44276459     10571.8580684     2418.22938801
7906.72286215     10774.3685386     2471.64253747
8886.0029597     10976.8790088     2564.84179906
9865.28305726     11179.389479     2618.92555254
6724.93229441     11551.138166     2634.13520689
7704.21239197     11753.6486362     2533.40362187
8683.49248952     11956.1591064     2501.21202409
9662.77258708     12158.6695765     2522.2804862
10642.0526846     12361.1800467     2634.05686839
9460.2621169     13137.9496741     2532.64166698
10439.5422145     13340.4601443     2594.97501205
11418.822312     13542.9706145     2696.53103183
11216.3118418     14522.250712     2658.6434098
-1127.38308774     -2326.58294156     2115.844927
-148.102990187     -2124.07247138     2141.7813889
831.177107368     -1921.5620012     2240.18446138
1810.45720492     -1719.05153102     2274.62518265
2789.73730248     -1516.54106084     2338.67970608
-1718.27837161     -1938.19812787     2068.46642738
-1228.63832283     -1836.94289278     2097.17853365
-738.998274054     -1735.68765769     2119.35596241
-249.358225277     -1634.4324226     2166.7402725
240.2818235     -1533.17718751     2183.34835117
729.921872278     -1431.92195242     2213.37221738
1219.56192106     -1330.66671733     2228.20145325
1709.20196983     -1229.41148224     2286.60525704
2198.84201861     -1128.15624715     2295.93344663
2688.48206739     -1026.90101206     2304.26485152
3178.12211616     -925.645776968     2344.57533017
-1329.89355792     -1347.30284401     2090.90195024
-350.613460368     -1144.79237382     2169.65910816
628.666637187     -942.281903643     2196.65404199
1607.94673474     -739.771433462     2222.09749035
2587.2268323     -537.260963281     2293.779364
-1920.78884179     -958.918030318     2100.42123444
-1431.14879301     -857.662795228     2104.80748328
-941.508744236     -756.407560137     2112.52156981
-451.868695458     -655.152325047     2125.00474649
37.7713533193     -553.897089956     2196.34521599
527.411402097     -452.641854866     2161.85617098
1017.05145087     -351.386619775     2151.79374219
1506.69149965     -250.131384685     2215.71255616
1996.33154843     -148.876149594     2220.01355632
2485.97159721     -47.6209145035     2280.98138649
2975.61164598     53.634320587     2288.03512943
-1532.4040281     -368.02274645     2109.8395167
-553.123930549     -165.512276269     2109.53839697
426.156167006     36.9981939118     2138.0585496
1405.43626456     239.508664093     2192.08641634
2384.71636212     442.019134274     2243.89165912
-2123.29931197     20.3620672366     2114.29544896
-1633.65926319     121.617302327     2117.48212966
-1144.01921442     222.872537418     2125.72447732
-654.379165639     324.127772508     2129.67855937
-164.739116862     425.383007599     2134.55150781
324.900931916     526.638242689     2140.19774759
814.540980693     627.89347778     2156.06687346
1304.18102947     729.14871287     2176.68052054
1793.82107825     830.403947961     2231.95992483
2283.46112703     931.659183051     2250.40718581
2773.1011758     1032.91441814     2265.52494231
-1734.91449828     611.257351105     2126.83069142
-755.63440073     813.767821286     2136.64195505
223.645696825     1016.27829147     2155.61265336
1202.92579438     1218.78876165     2152.97476026
2182.20589193     1421.29923183     2240.47402191
-2325.80978215     999.642164792     2124.20760677
-1836.16973338     1100.89739988     2126.73448902
-1346.5296846     1202.15263497     2137.67434145
-856.88963582     1303.40787006     2151.03025145
-367.249587043     1404.66310515     2146.78523262
122.390461735     1505.91834024     2178.00152577
612.030510512     1607.17357533     2167.74751307
1101.67055929     1708.42881043     2167.97549573
1591.31060807     1809.68404552     2175.53351895
2080.95065684     1910.93928061     2186.66384255
2570.59070562     2012.1945157     2214.17511809
-1937.42496847     1590.53744866     2128.21943733
-958.144870911     1793.04791884     2148.33963247
21.1352266442     1995.55838902     2156.2163468
1000.4153242     2198.0688592     2183.29665248
1979.69542175     2400.57932938     2204.9646596
-2528.32025233     1978.92226235     2177.56337306
-2038.68020356     2080.17749744     2147.28534904
-1549.04015478     2181.43273253     2134.91397705
-1059.400106     2282.68796762     2145.59466871
-569.760057224     2383.94320271     2150.79696988
-80.1200084464     2485.1984378     2173.60099484
409.520040331     2586.45367289     2171.66198083
899.160089108     2687.70890798     2183.4675413
1388.80013789     2788.96414307     2202.17295398
1878.44018666     2890.21937816     2202.47017126
2368.08023544     2991.47461325     2204.69902548
-2139.93543865     2569.81754621     2205.13632113
-1160.65534109     2772.3280164     2150.04151944
-181.375243537     2974.83848658     2169.66735833
797.904854018     3177.34895676     2191.29444818
1777.18495157     3379.85942694     2220.92657793
-257.676288615     -359.704683113     2134.38540805
-12.8562642259     -309.077065567     2145.30711515
231.963760163     -258.449448022     2145.84303719
476.783784552     -207.821830477     2153.68180744
721.60380894     -157.194212932     2153.84493404
966.423833329     -106.566595386     2160.58100866
1211.24385772     -55.9389778411     2220.93139992
-308.30390616     -114.884658724     2115.82731083
181.336142618     -13.6294236334     2096.45942197
670.976191395     87.6258114571     2152.19461314
1160.61624017     188.881046548     2193.80457181
-358.931523705     129.935365665     2126.47180806
-114.111499316     180.56298321     2134.71367901
130.708525072     231.190600755     2125.17688553
375.528549461     281.818218301     2131.59329327
620.34857385     332.445835846     2150.27956203
865.168598238     383.073453391     2156.0390481
1109.98862263     433.701070936     2190.73663922
-409.55914125     374.755390053     2124.16210953
80.080907527     476.010625144     2137.31076988
569.720956304     577.265860235     2140.60737636
1059.36100508     678.521095325     2163.48656538
-460.186758796     619.575414442     2135.98305684
-215.366734407     670.203031987     2140.85917257
29.4532899817     720.830649533     2146.93487031
274.27331437     771.458267078     2139.73269112
519.093338759     822.085884623     2148.46190843
763.913363148     872.713502168     2144.67403587
1008.73338754     923.341119714     2157.86095501
-510.814376341     864.395438831     2144.35663494
-21.1743275635     965.650673921     2158.10194921
468.465721214     1066.90590901     2157.60304782
958.105769991     1168.1611441     2156.98953471
-561.441993886     1109.21546322     2147.42086922
-316.621969497     1159.84308076     2152.00444679
-71.8019451088     1210.47069831     2153.75143315
173.01807928     1261.09831586     2167.68214193
417.838103669     1311.7259334     2151.11783439
662.658128057     1362.35355095     2159.93493969
907.478152446     1412.98116849     2159.02123791
