# lat [m]   lon [m]   Z [m]
43.4945253771     94.0905213604     2192.88672711
43.5033384458     94.0880299199     2293.3707036
43.4838989679     94.0809085242     2069.05928872
43.492712141     94.0784166689     2133.24010177
43.5015250705     94.0759242429     2188.82746884
43.5103376346     94.0734301187     2333.01269869
43.4732716181     94.0712978893     2016.94637545
43.4820847903     94.0688051007     2085.53050048
43.4908976348     94.0663121456     2105.61957746
43.4997103572     94.0638181178     2162.26160848
43.5085226749     94.0613221176     2353.59018562
43.517334908     94.0588272787     2356.30680381
43.4626435686     94.0616899712     2016.41083928
43.4714564396     94.059196787     2035.05740693
43.4802691586     94.0567029852     2043.44082987
43.4890818516     94.0542081412     2090.16872679
43.4978943461     94.0517126303     2134.30704502
43.5067065384     94.0492156106     2284.73086316
43.5155185264     94.0467188234     2320.24803191
43.5243302416     94.0442211452     2383.66832235
43.5331417421     94.041722826     2441.6378332
43.4520148289     94.0520852687     2034.49268225
43.4608273775     94.0495913319     2030.95714278
43.4696399398     94.0470965564     2042.71029805
43.4784523924     94.0446010833     2052.01382272
43.4872647959     94.0421047444     2083.90371215
43.4960770808     94.0396073226     2177.57318507
43.5048890474     94.0371093189     2259.12073116
43.5137008488     94.0346109771     2280.87541523
43.5225124763     94.0321118608     2315.60013444
43.5313237724     94.0296118869     2384.40787533
43.5401344286     94.0271109823     2513.81375353
43.4501977431     94.0399890162     2061.3500411
43.4590098551     94.0374935263     2036.49046489
43.4678221556     94.0349970885     2048.97857612
43.4766343623     94.0324999224     2064.11651083
43.4854464606     94.0300020386     2080.2088071
43.4942584852     94.0275032535     2140.06986682
43.5030702667     94.0250037163     2218.56114053
43.5118818438     94.0225036667     2253.64751546
43.520693276     94.0200029371     2282.518838
43.5295043658     94.0175013875     2353.42143174
43.5383151278     94.0149991405     2434.93464311
43.4395677151     94.0303899896     2126.85449923
43.4483792731     94.0278936544     2073.61317463
43.4571912815     94.0253963334     2075.77421458
43.4660031047     94.0228983631     2057.34116219
43.4748150711     94.0203995229     2079.67957668
43.4836268789     94.017900005     2091.14516984
43.4924386099     94.0153997217     2122.551048
43.5012501803     94.0128986821     2180.74173143
43.5100616086     94.0103970508     2183.68591838
43.5188727229     94.007894595     2266.82137258
43.527683657     94.0053914989     2322.87104774
43.5364941508     94.002887701     2416.87057196
43.4377485245     94.0182971002     2165.7164493
43.4465599906     94.0157989289     2140.87974114
43.4553719778     94.0132998583     2190.51279219
43.4641829346     94.0108003484     2093.70640309
43.4729944761     94.0082999187     2087.91449749
43.4818060406     94.0057987338     2108.6888119
43.4906174689     94.0032968418     2122.72121153
43.4994287886     94.0007942347     2125.2837625
43.5082400173     93.9982909049     2139.85365992
43.5170509074     93.9957869148     2240.34058146
43.5258616505     93.993282223     2291.81012636
43.5346719747     93.9907768975     2381.58203435
43.5434818515     93.9882709479     2490.58420998
43.4447390929     94.0037052083     2165.19928643
43.4535505837     94.0012045659     2185.31681143
43.4623617953     93.9987032078     2179.36305948
43.4711727552     93.9962010922     2129.45497906
43.4799838931     93.9936982446     2114.25570555
43.4887950486     93.9911946921     2124.28250726
43.4976061108     93.9886904348     2143.0369123
43.506417058     93.9861854519     2156.45045783
43.51522786     93.983679793     2186.49417771
43.5240383322     93.9811735673     2263.82162449
43.5328484832     93.9786666977     2348.74470291
43.54165837     93.9761591423     2427.78667973
43.5504676454     93.9736510873     2547.84642781
43.4605391766     93.9866070343     2225.10032637
43.4693498752     93.9841032009     2191.47369259
43.4781605503     93.9815985734     2144.03921178
43.4869713908     93.9790933452     2146.99245379
43.4957821605     93.976587425     2159.39478758
43.5045928264     93.9740807901     2172.98618763
43.5134033963     93.9715734144     2181.74956701
43.522213786     93.9690654371     2215.6520622
43.5310237664     93.9665570214     2300.33323894
43.539833244     93.9640481218     2417.10713428
43.5486427767     93.9615382305     2475.47854378
43.5574516074     93.9590279896     2586.2990967
43.5662604501     93.9565168505     2660.01443957
43.4675263595     93.9720067948     2373.06453077
43.4763361488     93.9695000063     2229.11389842
43.4851464851     93.9669928577     2178.51716005
43.4939569185     93.9644850922     2155.3727977
43.5027673264     93.9619768627     2179.9956084
43.5115776069     93.9594678897     2199.51651915
43.5203877401     93.9569582533     2226.81036056
43.5291975861     93.95444813     2285.40379516
43.5380070659     93.9519374925     2366.79781447
43.5468163196     93.9494261146     2439.09000542
43.5556255172     93.9469138592     2487.14528674
43.5644339645     93.9444013817     2589.56726394
43.5732427014     93.9418877444     2636.31887793
43.5820514465     93.9393732586     2667.17788077
43.4833204676     93.9548936253     2267.84073309
43.492130477     93.9523839803     2219.50962992
43.5009405491     93.9498736743     2184.92573373
43.5097505492     93.9473631436     2215.13500682
43.5185604311     93.9448518042     2233.68981969
43.5273701741     93.9423397876     2256.71392555
43.5361795944     93.9398273731     2313.3487734
43.5449888197     93.9373142288     2365.78526351
43.5537975744     93.9348007039     2448.74651711
43.5626064775     93.9322860295     2486.37311378
43.5714146021     93.929771246     2578.1502467
43.5802228604     93.9272553883     2633.81519705
43.589030793     93.9247389273     2696.97035246
43.4991125004     93.9377717335     2241.20497118
43.5079221924     93.9352594008     2251.96285283
43.5167318465     93.9327461013     2239.66386209
43.525541367     93.9302323295     2252.11603216
43.5343505483     93.9277183306     2308.44047274
43.543159762     93.9252031991     2326.92897755
43.5519683948     93.9226880333     2402.03680483
43.560776563     93.9201724398     2496.96427053
43.569585008     93.9176554694     2536.33694883
43.5783930667     93.9151380213     2592.77612088
43.5872004146     93.9126203692     2684.83488799
43.5060925078     93.923157377     2359.49392251
43.5149017517     93.9206423837     2344.89726142
43.5237109197     93.9181268096     2343.13463565
43.5325202821     93.915609832     2290.82011622
43.5413289564     93.9130936827     2356.4032157
43.5501376509     93.9105763703     2387.72309429
43.5589463487     93.9080581014     2401.98514727
43.5677542129     93.9055401187     2484.56837792
43.5765618867     93.9030213316     2558.37816803
43.5853697917     93.900501281     2594.66997101
43.5130704261     93.9085398646     2455.03609398
43.5218793126     93.906022067     2413.92335273
43.5306883765     93.9035030873     2345.36264819
43.5394972899     93.9009839977     2320.65778777
43.5483057198     93.8984651676     2359.78309712
43.5571136979     93.8959461333     2429.65548974
43.5659213406     93.8934265378     2506.72754549
43.5747294649     93.890905155     2518.79358902
43.5835361363     93.888384848     2634.00300519
43.5288547928     93.8913988878     2494.4741637
43.537663607     93.8888770109     2405.75241836
43.5464722982     93.8863550594     2358.19252918
43.5552798811     93.8838347918     2445.77783423
43.5640881074     93.8813120928     2438.51256153
43.5728954926     93.8787899675     2500.62743776
43.5817023747     93.8762675521     2583.329495
43.5905083515     93.8737453123     2708.93143385
43.5358280318     93.8767733441     2608.31944942
43.5446361035     93.8742498697     2569.53892451
43.5534447092     93.8717244403     2471.70648593
43.5622529621     93.8691993597     2430.74156508
43.571060192     93.8666755098     2485.6333827
43.5798667021     93.8641518146     2580.46819407
43.5886734245     93.8616266104     2636.34455643
43.5604143972     93.8570923694     2648.12483869
43.5692227511     93.8545635104     2548.87212195
43.578030471     93.8520354248     2518.3162616
43.5868374802     93.8495078339     2541.17732477
43.5956429956     93.8469816993     2654.90300245
43.5849987696     93.8373921601     2553.17253947
43.5938047637     93.8348632769     2617.45521132
43.602609879     93.8323347377     2721.11736803
43.6007701378     93.820215437     2685.02019483
43.4898525121     94.028752703     2116.36825086
43.4986644038     94.0262537208     2142.13611498
43.5074760707     94.0237537625     2240.52760285
43.5162875604     94.0212533666     2275.11375601
43.5250987692     94.0187521832     2339.47071778
43.4845367886     94.0239509883     2068.9921865
43.4889427745     94.0227012905     2097.5610829
43.4933486968     94.0214514442     2119.63455761
43.4977545805     94.0202013451     2166.95416764
43.5021603919     94.0189511739     2183.53680175
43.5065661495     94.0177007903     2213.57447682
43.5109718746     94.0164502757     2228.45677543
43.5153774568     94.0151994813     2286.9528927
43.5197830934     94.0139486349     2296.41265049
43.5241887035     94.0126976123     2304.91487621
43.5285941412     94.0114463535     2345.43542377
43.4880327344     94.0166499919     2091.18285065
43.4968444328     94.0141492469     2169.77130027
43.5056558911     94.0116479306     2196.75454452
43.5144672096     94.0091459099     2222.34331755
43.5232782198     94.0066431331     2294.327524
43.482716621     94.0118492686     2100.78287482
43.4871224129     94.0105988295     2105.02586109
43.4915281863     94.0093482053     2112.63593953
43.495933935     94.0080973963     2125.05436261
43.5003396464     94.0068463472     2196.36933265
43.5047453207     94.0055952368     2161.89404266
43.5091509906     94.0043439143     2151.88462282
43.5135564996     94.00309237     2215.89569778
43.5179620712     94.0018406859     2220.32821315
43.5223674204     94.0005888162     2281.46680745
43.5267728945     93.9993367826     2288.73056981
43.4862117559     94.0045478814     2110.03449936
43.4950231269     94.0020456336     2109.56456323
43.5038344133     93.9995426598     2138.07291656
43.5126455014     93.9970389921     2192.245999
43.5214563784     93.9945346364     2244.35346847
43.4808951362     93.9997483958     2114.64948061
43.485300786     93.9984971253     2117.69284407
43.4897064226     93.9972456762     2125.83112885
43.4941120268     93.9959940458     2129.72040248
43.4985176088     93.9947422357     2134.56779673
43.5029231665     93.9934902462     2140.22773645
43.5073286876     93.9922380892     2156.1498161
43.5117341606     93.9909857631     2176.85567039
43.5161395001     93.9897333186     2232.26653325
43.5205448645     93.9884806472     2250.88450633
43.5249501991     93.9872277941     2266.21222741
43.4843895021     93.9924465676     2127.09626438
43.4932005981     93.9899426575     2136.73860184
43.5020115958     93.9874380448     2155.69739067
43.510822509     93.9849326676     2153.20460428
43.5196330825     93.9824268074     2241.00598093
43.4790723652     93.9876482954     2124.71053757
43.4834778761     93.9863961896     2127.09404772
43.4878833826     93.9851439222     2137.92978207
43.4922888599     93.9838914832     2151.22082835
43.4966942925     93.9826388195     2146.95020049
43.5010997077     93.9813860753     2178.18013765
43.5055050984     93.9801330322     2167.97902396
43.5099104698     93.9788798376     2168.29915918
43.514315807     93.9776264864     2175.98858824
43.518721106     93.976372969     2187.28957071
43.5231263126     93.9751193376     2215.01075595
43.4825659342     93.9803459984     2128.71210855
43.4913767824     93.9778404593     2148.66326655
43.500187507     93.9753341601     2156.52796116
43.5089981139     93.9728272198     2183.75326139
43.5178085918     93.9703195464     2205.72327668
43.4772484743     93.9755491273     2178.37170447
43.4816537232     93.9742960631     2147.95025776
43.4860590361     93.9730428805     2135.47471445
43.4904643837     93.9717896125     2146.09048685
43.4948696951     93.9705361413     2151.26712339
43.4992749841     93.9692825745     2174.08473642
43.5036802386     93.9680287105     2172.19856617
43.5080854611     93.9667747349     2184.09622291
43.5124906365     93.9655206189     2202.93298435
43.5168958174     93.9642662248     2203.40080577
43.521300974     93.9630116596     2205.83951729
43.4807413147     93.968246539     2206.01258765
43.4895516758     93.9657389816     2150.74864777
43.4983621403     93.9632310818     2170.36235498
43.5071724793     93.9607224802     2192.13432797
43.5159826692     93.9582132184     2222.06835261
43.4976814238     94.0044459143     2134.40074508
43.4998842598     94.0038202943     2145.31460249
43.5020870874     94.0031946362     2145.85248836
43.5042899054     94.0025689297     2153.70303593
43.5064927215     94.0019431816     2153.88775336
43.5086955243     94.0013173866     2160.6552322
43.5108982263     94.0006915417     2221.04684011
43.4972259619     94.0014199565     2115.83580692
43.5016316143     94.0001684703     2096.46201847
43.5060372052     93.9989168073     2152.23056402
43.5104427249     93.9976649789     2193.91313034
43.4967704321     93.9983940339     2126.48324487
43.4989732392     93.9977682119     2134.71725238
43.5011760396     93.9971423381     2125.18240899
43.5033788339     93.9965164256     2131.61058035
43.5055816087     93.9958904768     2150.31842615
43.507784382     93.9952644765     2156.10930273
43.5099871017     93.9946384561     2190.84809726
43.4963148162     93.9953681575     2124.18626881
43.5007203908     93.9941162633     2137.32900201
43.505125938     93.9928641813     2140.65893545
43.5095314341     93.9916119441     2163.61070502
43.495859129     93.9923423413     2136.02972021
43.4980619002     93.9917163132     2140.89795872
43.5002646637     93.9910902421     2146.97559275
43.5024674238     93.9904641069     2139.78516346
43.504670173     93.9898379501     2148.53594403
43.5068729253     93.9892117283     2144.77944836
43.5090756517     93.9885854906     2158.00755755
43.495403361     93.9893165762     2144.43558404
43.4998088579     93.9880642784     2158.17494355
43.5042143281     93.9868117745     2157.70934153
43.5086197819     93.985559088     2157.16838173
43.4949475098     93.9862908531     2147.54188575
43.4971502448     93.9856646194     2152.1175723
43.499352972     93.9850383345     2153.86648119
43.5015556908     93.9844120341     2167.80892577
43.5037584136     93.9837856135     2151.26616812
43.5059611199     93.9831592111     2160.11463623
43.5081638282     93.9825327382     2159.24211097
