# X [m]   Y [m]   Z [m]
672.547128628     -8851.70558356     2459.41420806
-570.660150224     -8177.58715049     2198.3913369
388.002705739     -7893.0427276     2315.76458191
1346.6655617     -7608.49830471     2483.00495522
-1813.86742908     -7503.46871741     2078.19637762
-855.204573112     -7218.92429453     2151.36871502
103.45828285     -6934.37987164     2296.08705647
1062.12113881     -6649.83544875     2310.29829963
2020.78399478     -6365.29102586     2510.7771011
-3057.07470793     -6829.35028434     2000.4618467
-2098.41185196     -6544.80586145     2046.46689518
-1139.748996     -6260.26143856     2113.84790388
-181.086140038     -5975.71701567     2166.37111655
777.576715925     -5691.17259279     2242.43506844
1736.23957189     -5406.6281699     2303.58695497
2694.90242785     -5122.08374701     2511.25817789
-3341.61913082     -5870.68742838     1999.48318268
-2382.95627485     -5586.14300549     1993.40755345
-1424.29341889     -5301.5985826     2056.93113912
-465.630562927     -5017.05415971     2151.16953518
493.032293036     -4732.50973682     2275.92258771
1451.695149     -4447.96531393     2303.76178682
2410.35800496     -4163.42089105     2395.57883035
3369.02086092     -3878.87646816     2439.33049874
-4584.82640967     -5196.5689953     2002.77288087
-3626.1635537     -4912.02457241     2020.37484529
-2667.50069774     -4627.48014953     2037.68121064
-1708.83784178     -4342.93572664     2065.27112391
-750.174985816     -4058.39130375     2133.93393006
208.487870147     -3773.84688086     2259.34003049
1167.15072611     -3489.30245797     2346.97983389
2125.81358207     -3204.75803508     2339.36520718
3084.47643804     -2920.21361219     2376.58621448
4043.139294     -2635.66918931     2423.00233824
-5828.03368852     -4522.45056223     2016.6996158
-4869.37083256     -4237.90613934     2009.47132567
-3910.70797659     -3953.36171645     2025.57637343
-2952.04512063     -3668.81729356     2052.49771211
-1993.38226467     -3384.27287067     2065.06479353
-1034.7194087     -3099.72844779     2124.49132521
-76.0565527414     -2815.1840249     2168.24741341
882.606303222     -2530.63960201     2223.50430829
1841.26915918     -2246.09517912     2323.65759537
2799.93201515     -1961.55075623     2336.02876516
3758.59487111     -1677.00633334     2414.72001613
4717.25772707     -1392.46191045     2461.61402545
-6112.57811141     -3563.78770627     2026.58952631
-5153.91525544     -3279.24328338     2072.62105896
-4195.25239948     -2994.69886049     2029.65633664
-3236.58954352     -2710.1544376     2053.39065135
-2277.92668756     -2425.61001471     2068.3559329
-1319.26383159     -2141.06559182     2122.21062272
-360.60097563     -1856.52116893     2158.0530944
598.061880333     -1571.97674605     2216.79974388
1556.7247363     -1287.43232316     2224.00804152
2515.38759226     -1002.88790027     2289.98011991
3474.05044822     -718.343477379     2369.79552287
4432.71330418     -433.799054491     2454.11205743
-7355.78539026     -2889.66927319     2088.37490078
-6397.1225343     -2605.1248503     2124.3782563
-5438.45967833     -2320.58042741     2104.57671522
-4479.79682237     -2036.03600453     2067.32580858
-3521.13396641     -1751.49158164     2070.88306077
-2562.47111044     -1466.94715875     2083.35721617
-1603.80825448     -1182.40273586     2093.02057594
-645.145398519     -897.858312971     2144.17850247
313.517457444     -613.313890082     2153.86956313
1272.18031341     -328.769467194     2199.38369549
2230.84316937     -44.2250443051     2255.49652768
3189.50602533     240.319378584     2324.15046457
4148.1688813     524.863801472     2391.68846325
5106.83173726     809.408224361     2515.0556214
-7640.32981315     -1931.00641723     2128.47390548
-6681.66695718     -1646.46199434     2154.91046649
-5723.00410122     -1361.91757145     2176.98207541
-4764.34124526     -1077.37314856     2158.51759805
-3805.6783893     -792.828725674     2076.84301735
-2847.01553333     -508.284302786     2096.81895299
-1888.35267737     -223.739879897     2110.85983733
-929.689821407     60.8045429917     2126.75137015
28.9730345555     345.34896588     2132.68948709
987.635890518     629.893388769     2164.08268379
1946.29874648     914.437811658     2209.01150283
2904.96160244     1198.98223455     2271.34315002
3863.62445841     1483.52665744     2371.04436289
4822.28731437     1768.07108032     2424.85161162
5780.95017033     2052.61550321     2619.11289158
-6966.21138007     -687.799138377     2164.81516665
-6007.54852411     -403.254715489     2154.42631241
-5048.88566815     -118.7102926     2202.76071173
-4090.22281218     165.834130289     2178.25558007
-3131.55995622     450.378553177     2141.8811398
-2172.89710026     734.922976066     2116.61849968
-1214.2342443     1019.46739895     2128.54365952
-255.571388333     1304.01182184     2151.11184456
703.09146763     1588.55624473     2179.94309994
1661.75432359     1873.10066762     2193.38986892
2620.41717956     2157.64509051     2236.06655086
3579.08003552     2442.1895134     2355.34362203
4537.74289148     2726.73393629     2436.32265059
5496.40574744     3011.27835918     2463.80951335
6455.06860341     3295.82278206     2591.24075997
-6292.092947     555.408140474     2196.4312419
-5333.43009104     839.952563363     2302.14311931
-4374.76723507     1124.49698625     2231.47225503
-3416.10437911     1409.04140914     2217.08833914
-2457.44152315     1693.58583203     2176.13009504
-1498.77866718     1978.13025492     2149.19079714
-540.115811222     2262.67467781     2155.72665955
418.547044741     2547.21910069     2167.10242712
1377.2099007     2831.76352358     2199.1708446
2335.87275667     3116.30794647     2217.86946007
3294.53561263     3400.85236936     2312.05289341
4253.19846859     3685.39679225     2378.28092656
5211.86132456     3969.94121514     2434.94783784
6170.52418052     4254.48563803     2489.35857546
7129.18703648     4539.03006092     2548.44092299
-5617.97451393     1798.61541933     2237.96566957
-4659.31165796     2083.15984221     2354.24218374
-3700.648802     2367.7042651     2374.96038276
-2741.98594604     2652.24868799     2271.13013887
-1783.32309007     2936.79311088     2223.06957859
-824.660234111     3221.33753377     2180.83245258
134.002621852     3505.88195666     2175.75343544
1092.66547782     3790.42637955     2208.78213731
2051.32833378     4074.97080244     2217.32769624
3009.99118974     4359.51522532     2254.82106804
3968.6540457     4644.05964821     2296.11203286
4927.31690167     4928.6040711     2332.98294712
5885.97975763     5213.14849399     2434.22254742
6844.64261359     5497.69291688     2474.19061558
7803.30546956     5782.23733977     2532.3640679
-3985.19322489     3326.36712107     2361.22352434
-3026.53036893     3610.91154395     2458.3965332
-1109.204657     4180.00038973     2248.40766627
-150.541801036     4464.54481262     2218.6785312
808.121054927     4749.08923551     2227.17863251
1766.78391089     5033.6336584     2227.29338887
2725.44676685     5318.17808129     2232.82878795
3684.10962282     5602.72250418     2270.68354184
4642.77247878     5887.26692706     2343.24429346
5601.43533474     6171.81134995     2359.54595377
6560.0981907     6456.35577284     2493.02074317
7518.76104667     6740.90019573     2518.22000085
523.576632038     5707.75209147     2278.78800718
1482.239488     5992.29651436     2306.19148092
2440.90234396     6276.84093725     2266.62450174
3399.56519993     6561.38536014     2258.28524017
4358.22805589     6845.92978303     2331.14654946
5316.89091185     7130.47420592     2380.99626886
6275.55376782     7415.0186288     2410.32988183
7234.21662378     7699.56305169     2464.46981602
8192.87947974     7984.10747458     2535.57527175
1197.69506511     6950.95937032     2387.25602381
2156.35792108     7235.50379321     2415.83400097
3115.02077704     7520.0482161     2359.12610566
4073.683633     7804.59263899     2309.93853598
5032.34648896     8089.13706188     2321.29930465
5991.00934493     8373.68148477     2416.79287714
6949.67220089     8658.22590766     2511.32056371
7908.33505685     8942.77033054     2472.32461289
1871.81349819     8194.16664918     2599.15249659
2830.47635415     8478.71107206     2519.86879784
3789.13921011     8763.25549495     2414.64755733
4747.80206608     9047.79991784     2359.2216489
5706.46492204     9332.34434073     2372.02315181
6665.127778     9616.88876362     2404.2687111
7623.79063396     9901.43318651     2459.44354235
2545.93193126     9437.37392803     2660.95046241
3504.59478722     9721.91835092     2640.45311037
4463.25764319     10006.4627738     2580.56841464
5421.92049915     10291.0071967     2555.42309692
6380.58335511     10575.5516196     2456.86908398
4178.7132203     10965.1256298     2627.33088295
5137.37607626     11249.6700527     2685.09133398
-839.932403611     -1998.79338038     2125.59806777
118.730452351     -1714.24895749     2192.34876611
1077.39330831     -1429.7045346     2223.37627093
2036.05616428     -1145.16011171     2272.50651591
2994.71902024     -860.615688824     2324.86369376
-1461.53604304     -1661.73416384     2070.30241022
-982.204615056     -1519.4619524     2099.25884859
-502.873187074     -1377.18974095     2136.72545179
-23.5417590929     -1234.91752951     2178.5968286
455.789668889     -1092.64531806     2170.54568659
935.12109687     -950.37310662     2184.08634967
1414.45252485     -808.100895175     2191.99901485
1893.78395283     -665.828683731     2247.21823428
2373.11538081     -523.556472287     2265.28494705
2852.4468088     -381.284260842     2300.69109935
3331.77823678     -239.012049398     2355.34824309
-1124.4768265     -1040.13052442     2088.91569243
-165.813970537     -755.586101527     2176.28020086
792.848885426     -471.041678638     2166.32508886
1751.51174139     -186.497255749     2221.40785548
2710.17459735     98.0471671392     2288.65314547
-1746.08046593     -703.071307878     2105.98634211
-1266.74903794     -560.799096434     2115.84939596
-787.417609963     -418.52688499     2108.15010869
-308.086181982     -276.254673545     2112.00784456
171.245246     -133.982462101     2142.38262559
650.576673981     8.28974934331     2183.52325755
1129.90810196     150.561960788     2190.69499331
1609.23952994     292.834172232     2184.37027835
2088.57095793     435.106383676     2221.05208127
2567.90238591     577.378595121     2274.11237468
3047.23381389     719.650806565     2272.3291477
-1409.02124939     -81.4676684526     2117.70201692
-450.358393426     203.076754436     2123.23468336
508.304462537     487.621177325     2140.22052012
1466.9673185     772.165600213     2185.82981618
2425.63017446     1056.7100231     2245.4246138
-2030.62488881     255.591548085     2113.28527458
-1551.29346083     397.863759529     2116.37115938
-1071.96203285     540.135970973     2132.30851061
-592.63060487     682.408182418     2129.05625063
-113.299176889     824.680393862     2145.11177757
366.032251093     966.952605306     2152.56160355
845.363679074     1109.22481675     2157.69762639
1324.69510706     1251.49702819     2147.68596991
1804.02653504     1393.76923964     2200.61282853
2283.35796302     1536.04145108     2217.40655227
2762.689391     1678.31366253     2274.60563386
-1693.56567228     877.19518751     2120.46449375
-734.902816315     1161.7396104     2150.68570407
223.760039648     1446.28403329     2160.46139014
1182.42289561     1730.82845618     2163.86749382
2141.08575157     2015.37287907     2196.53675357
-2315.1693117     1214.25440405     2115.47155626
-1835.83788372     1356.52661549     2135.14156449
-1356.50645574     1498.79882694     2140.94557699
-877.175027759     1641.07103838     2158.12355285
-397.843599778     1783.34324982     2169.27205875
81.4878282039     1925.61546127     2154.94965513
560.819256185     2067.88767271     2180.57292593
1040.15068417     2210.15988416     2187.0976483
1519.48211215     2352.4320956     2183.03402588
1998.81354013     2494.70430705     2198.54930566
2478.14496811     2636.97651849     2236.35640682
-1978.11009517     1835.85804347     2131.62148948
-1019.4472392     2120.40246636     2153.85847629
-60.7843832404     2404.94688925     2170.47315791
897.878472723     2689.49131214     2183.68977333
1856.54132869     2974.03573503     2208.15169986
-2599.71373459     2172.91726001     2202.78672266
-2120.38230661     2315.18947145     2193.50532752
-1641.05087863     2457.4616829     2162.12050802
-1161.71945065     2599.73389434     2145.07275927
-682.388022666     2742.00610579     2159.0085042
-203.056594685     2884.27831723     2164.26671267
276.274833297     3026.55052868     2177.79751899
755.606261278     3168.82274012     2186.71461963
1234.93768926     3311.09495157     2196.58656918
1714.26911724     3453.36716301     2218.59916295
2193.60054522     3595.63937445     2227.7219458
-2262.65451805     2794.52089944     2221.10631601
-1303.99166209     3079.06532232     2190.2503626
-345.328806129     3363.60974521     2167.40519687
613.334049834     3648.1541681     2204.18424499
1571.9969058     3932.69859099     2213.0266008
-139.556573713     34.5471461675     2111.67527389
100.109140278     105.68325189     2111.25450611
339.774854268     176.819357612     2141.66164399
579.440568259     247.955463334     2145.3871072
819.10628225     319.091569056     2157.26024893
1058.77199624     390.227674778     2192.92442822
1298.43771023     461.363780501     2155.19535467
-210.692679435     274.212860158     2131.47038804
268.638748546     416.485071603     2133.99008568
747.970176528     558.757283047     2153.32503719
1227.30160451     701.029494491     2170.94372724
-281.828785157     513.878574149     2137.67881083
-42.1630711667     585.014679871     2140.91158671
197.502642824     656.150785593     2139.6452624
437.168356815     727.286891315     2142.19353463
676.834070806     798.422997038     2137.6256604
916.499784796     869.55910276     2151.05483168
1156.16549879     940.695208482     2175.99295058
-352.96489088     753.54428814     2134.71977017
126.366537102     895.816499584     2148.29042511
605.697965083     1038.08871103     2152.57895408
1085.02939306     1180.36092247     2153.28217711
-424.100996602     993.21000213     2139.84077401
-184.435282611     1064.34610785     2151.54661342
55.2304313797     1135.48221357     2154.95224555
294.89614537     1206.6183193     2150.03641675
534.561859361     1277.75442502     2162.79390484
774.227573352     1348.89053074     2162.98513253
1013.89328734     1420.02663646     2157.69476318
-495.237102324     1232.87571612     2149.13770325
-15.9056743424     1375.14792757     2159.61078774
463.425753639     1517.42013901     2167.33655409
942.75718162     1659.69235045     2174.80570989
-566.373208046     1472.54143011     2150.80657187
-326.707494055     1543.67753583     2155.99745999
-87.0417800646     1614.81364156     2149.18032043
152.623933926     1685.94974728     2170.24786679
392.289647917     1757.085853     2166.10065617
631.955361908     1828.22195872     2178.95468531
871.621075898     1899.35806444     2179.69050064
