# lat [m]   lon [m]   Z [m]
43.489363597     94.0960767508     2150.08786846
43.4966549842     94.0888345551     2201.44416229
43.5112359256     94.0743447906     2347.07115145
43.5185255038     94.0670977595     2399.23933001
43.5258143699     94.0598488157     2482.10198446
43.5331024367     94.0525980919     2592.14700435
43.4840912402     94.0860638703     2064.78178851
43.491382132     94.0788211575     2110.17682418
43.4986724538     94.0715766831     2166.62255093
43.5059621678     94.064330485     2234.00000052
43.5132511605     94.0570822742     2348.73302414
43.5205396766     94.0498331962     2384.50569234
43.5278277704     94.0425826507     2390.95247487
43.5351150841     94.0353300771     2451.22602583
43.5424015224     94.0280757168     2551.88886301
43.4788180146     94.0760519145     2025.85467199
43.4861083924     94.0688085007     2085.54191177
43.4933981479     94.0615636386     2128.93608751
43.5006873275     94.0543164883     2248.22769048
43.5079758303     94.0470682496     2315.45996066
43.5152637654     94.0398185629     2359.78813244
43.5225514002     94.0325676213     2327.89562989
43.5298383361     94.0253146059     2360.73709005
43.5371246319     94.0180598724     2410.05575815
43.5444097664     94.0108033636     2542.49053925
43.4662538632     94.0732828968     2015.92657441
43.4735439368     94.0660413459     2009.58174614
43.4808337092     94.0587975743     2053.97764941
43.4881229371     94.0515520508     2112.28152804
43.4954115877     94.0443046773     2205.30915357
43.5026995746     94.0370560199     2255.66068315
43.5099870334     94.0298059004     2270.26803259
43.5172740167     94.0225541051     2274.95681181
43.5245603832     94.0153004902     2315.23856952
43.5318460744     94.0080451922     2378.31346929
43.5391310947     94.0007882897     2450.76723258
43.5464156405     93.9935297819     2501.23245295
43.4609795989     94.0632744463     2017.35051707
43.4682690876     94.0560322278     2020.83440796
43.4755581162     94.0487882445     2028.68419279
43.4828467314     94.041542361     2063.85101775
43.4901348129     94.0342947617     2109.15997841
43.4974223339     94.0270453955     2184.57577012
43.5047092494     94.0197946093     2210.91530345
43.511995654     94.0125421582     2227.446952
43.5192815558     94.0052880009     2242.61684896
43.5265668354     93.998032141     2286.11406528
43.5338513657     93.9907746823     2363.60489196
43.5411352229     93.9835156628     2445.1987105
43.5484184768     93.9762550547     2519.88344282
43.5775465459     93.947195831     2699.113785
43.5848278615     93.9399263854     2689.25328646
43.4557044254     94.0532677776     2014.47261773
43.4629934289     94.0460248209     2041.29088652
43.470281798     94.0387803204     2045.86860875
43.4775697643     94.0315339826     2072.24873606
43.484857118     94.0242860961     2063.69039384
43.4921440982     94.0170362837     2116.82325748
43.4994304868     94.0097848604     2162.42093128
43.5067163568     94.0025318175     2155.77235224
43.5140016907     93.9952770421     2186.42275328
43.5212863661     93.9880206575     2252.68678031
43.5285704143     93.980762681     2320.31840616
43.5358538576     93.9735030965     2384.54730762
43.5431366282     93.9662419536     2457.0723641
43.5504190249     93.9589790144     2496.58652295
43.5577007372     93.9517145188     2549.83139468
43.5649816122     93.9444486031     2627.1853391
43.5722631531     93.9371799732     2588.86480208
43.5795436876     93.929910052     2600.53053681
43.586823199     93.922638872     2650.84503024
43.4504286434     94.0432625997     2047.25874873
43.457716771     94.0360193482     2038.9107602
43.4650045518     94.0287742538     2049.37989792
43.472291908     94.02152739     2075.62438792
43.479578714     94.014278859     2095.37444734
43.4868649997     94.0070286339     2112.42518687
43.4941507717     93.9997767044     2123.69069755
43.5014360462     93.9925230678     2144.54922415
43.5087208127     93.9852677184     2158.67453041
43.5160050509     93.9780106915     2183.27601369
43.5232886528     93.9707521123     2238.10253304
43.5305715217     93.9634920745     2321.65182048
43.5378539249     93.9562302535     2372.38739603
43.54513585     93.9489666773     2407.92823281
43.5524172735     93.941701377     2437.46285538
43.559698356     93.9344341777     2446.048516
43.5669783537     93.9271658921     2511.26038907
43.5742578697     93.9198958544     2564.69210299
43.5815365807     93.9126244127     2634.77438856
43.4451524361     94.0332590222     2126.69078928
43.452439911     94.0260152369     2127.99176576
43.4597266696     94.0187698287     2090.73584081
43.4670131188     94.01152257     2067.90862314
43.4742993498     94.0042734856     2094.4330034
43.4815850232     93.9970227152     2111.53257057
43.4888702036     93.9897702552     2137.66368549
43.496154845     93.9825160673     2147.89129777
43.5034389886     93.9752601909     2166.63410884
43.5107226222     93.9680026037     2183.80220473
43.518005702     93.9607434065     2216.82173955
43.5252882566     93.9534824998     2244.73806578
43.5325702443     93.9462199628     2279.13182866
43.5398516206     93.9389558511     2323.57764975
43.5471323921     93.9316901385     2372.52471638
43.5544129914     93.9244222185     2373.49167969
43.5616922246     93.9171537467     2466.76681067
43.5689706746     93.9098838651     2569.28096969
43.5762499999     93.9026104497     2539.80118785
43.5835279147     93.8953364728     2587.18151583
43.4398747381     94.0232577184     2127.62050722
43.4471618692     94.0160132801     2163.02057054
43.4544488608     94.0087671042     2255.90883039
43.4617340652     94.0015194426     2164.92829072
43.4690193153     93.9942698905     2137.10530556
43.4763041972     93.9870185542     2119.44824131
43.483588733     93.9797655376     2134.16333628
43.4908727627     93.9725108031     2147.08332434
43.4981562942     93.965254378     2164.52734711
43.5054393078     93.9579963092     2191.43355536
43.5127218043     93.9507364995     2211.10675624
43.5200037567     93.9434750693     2240.05433411
43.5272851811     93.9362119373     2267.04990011
43.5345661064     93.9289470504     2288.00687478
43.5418465362     93.9216804189     2305.51645649
43.5491257567     93.9144132919     2413.71294517
43.5564052487     93.9071430347     2410.18004676
43.5636836193     93.8998720511     2472.60223419
43.5709614331     93.8925993716     2529.99143155
43.5782392456     93.8853241902     2538.48965293
43.585515581     93.8780486786     2620.56827457
43.4345963315     94.0132581223     2145.18095671
43.441883627     94.0060131084     2266.25996971
43.4491690377     93.9987666026     2244.78554971
43.4564540409     93.9915183108     2225.25837042
43.4637386591     93.9842682515     2212.79990498
43.4710231067     93.9770166363     2259.85421267
43.4783066393     93.9697629171     2207.91322045
43.4855899144     93.9625075794     2197.38893376
43.4928727712     93.9552506469     2211.65802079
43.500155126     93.9479917112     2190.24524968
43.5074369827     93.9407315927     2234.83886694
43.5147183696     93.9334693662     2235.04842305
43.5219992511     93.9262055078     2245.26434744
43.529279526     93.9189402356     2280.07644668
43.5365594962     93.9116727016     2272.13588471
43.5438387657     93.904403939     2300.30032366
43.5511170084     93.8971344772     2389.8159663
43.5583950427     93.8898625885     2428.41357402
43.5656727013     93.8825887074     2449.23705446
43.5729494436     93.875313799     2504.85399108
43.580225374     93.8680376141     2577.49600936
43.4366027822     93.9960148802     2179.33630938
43.4438881765     93.9887677781     2217.87231312
43.4657411866     93.9670167243     2366.39045748
43.4730244572     93.9597632636     2439.65965682
43.4803064565     93.952506705     2308.18392985
43.4875884762     93.9452489379     2274.12923995
43.4948701186     93.9379895308     2258.9060042
43.5021513096     93.9307288535     2290.77332492
43.5094319707     93.9234663936     2313.6331339
43.516712017     93.9162026984     2371.6099306
43.5239915625     93.9089369995     2402.44330149
43.5312709238     93.9016685008     2360.51702162
43.545827951     93.8871273668     2356.05610142
43.5531055225     93.8798547141     2383.07503705
43.5603824941     93.8725805116     2417.21807386
43.5676588444     93.865304777     2458.19926117
43.4750224317     93.9425082148     2451.86440975
43.482303729     93.9352503463     2453.04876971
43.4895845629     93.9279908033     2460.25656898
43.511424102     93.9062021227     2504.32679436
43.5187026118     93.8989375715     2631.01179287
43.5478127248     93.8698547604     2647.58627557
43.5550890236     93.8625797715     2655.03913913
43.5010658589     94.0234202375     2191.01102057
43.508352512     94.0161685913     2221.48122881
43.5156386147     94.0089152632     2256.67260527
43.5229242022     94.0016602722     2282.26911348
43.5302091705     93.99440361     2327.14959259
43.4947833127     94.0220407636     2117.19842702
43.4984267284     94.018415355     2149.47361946
43.5020699894     94.0147895439     2183.14627358
43.5057131193     94.0111633831     2189.2897924
43.5093561441     94.0075368088     2182.27585841
43.5129989514     94.0039097577     2228.31936334
43.5166417687     94.0002823257     2205.45502921
43.5202844049     93.9966544461     2210.82717665
43.5239266813     93.9930262047     2279.11943089
43.5275690418     93.989397497     2282.83484769
43.5312109833     93.985768492     2347.22411642
43.4957873733     94.0134107481     2153.43702014
43.5030734779     94.0061585576     2160.45452506
43.5103590581     93.9989046427     2191.44249596
43.5176441608     93.9916490234     2199.78203881
43.5249286157     93.9843917764     2248.83248066
43.4895046257     94.0120322817     2093.83427549
43.4931477493     94.0084066468     2109.19797895
43.4967907459     94.0047805817     2140.16496428
43.5004335932     94.0011541251     2120.00749452
43.5040763173     93.9975272269     2144.90198208
43.507718916     93.9938999048     2153.00166085
43.5113613468     93.9902721907     2184.20828252
43.515003711     93.986643999     2178.70031352
43.5186457603     93.9830155495     2242.82536087
43.5222877433     93.9793866215     2271.37135696
43.5259297483     93.9757571289     2257.69623891
43.4905079557     94.003402881     2123.49951346
43.4977934735     93.9961500981     2133.87294577
43.5050784944     93.9888956024     2148.81451183
43.51236303     93.9816393682     2154.26718969
43.519646941     93.9743815854     2205.89131825
43.4842251355     94.0020254553     2117.54414738
43.4878679042     93.9983995669     2111.83026947
43.491510595     93.9947732565     2130.82383167
43.4951531357     93.9911465116     2135.34179472
43.4987955563     93.9875193616     2153.08003886
43.5024378421     93.9838917765     2163.24457279
43.5060800024     93.980263755     2169.61605812
43.5097220326     93.9766353173     2179.56674869
43.5133639521     93.9730064181     2180.90188162
43.5170057057     93.9693771679     2199.78684939
43.5206473305     93.9657474856     2215.54177659
43.48522767     93.9933966914     2120.45229108
43.4925125814     93.9861433679     2138.8976044
43.4997969807     93.9788883296     2153.53718229
43.5070808601     93.9716316463     2183.23393482
43.5143642235     93.9643732307     2203.28870096
43.4789446949     93.9920204048     2108.30954769
43.4825872074     93.9883942549     2123.50165729
43.4862295757     93.9847676762     2134.34922191
43.4898718048     93.9811406564     2139.31765423
43.4935139226     93.9775132469     2155.81991807
43.497155905     93.973885429     2174.54563293
43.500797752     93.9702570628     2164.62705949
43.5044394759     93.9666283774     2179.30403323
43.5080810806     93.9629992028     2181.98091907
43.51172254     93.9593696807     2198.20952555
43.5153638989     93.9557396379     2199.65087689
43.4799465083     93.9833922433     2120.53499531
43.4872308167     93.9761383966     2143.80656409
43.4945145908     93.9688827959     2154.20410327
43.5017978638     93.9616256331     2191.12305962
43.5090806093     93.9543666728     2209.07056883
43.4736636428     93.9820172613     2167.86071706
43.4773058017     93.9783908667     2177.93711513
43.4809477823     93.9747639825     2171.49328739
43.4845896307     93.9711366141     2155.97810198
43.4882313921     93.9675088269     2147.29782008
43.4918730652     93.9638806795     2153.79621475
43.4955146167     93.9602521322     2164.95495239
43.4991560376     93.9566231473     2174.06454061
43.5027973294     93.9529937559     2185.84720159
43.5064384905     93.9493639395     2197.38828589
43.5100794948     93.9457338389     2225.34322033
43.4746648516     93.973389941     2217.47139442
43.4819483698     93.9661355386     2215.75711976
43.4892314151     93.9588793629     2210.07559274
43.4965140084     93.9516215019     2213.96404668
43.5037961231     93.9443618978     2217.16032807
43.5009349028     93.9968386218     2128.0
43.502756216     93.9950250809     2129.23152217
43.5045774875     93.993211449     2146.83546741
43.5063987381     93.9913976932     2145.95552473
43.5082199554     93.9895838335     2148.56494018
43.510041109     93.9877699061     2172.01677167
43.5118622827     93.9859558088     2161.73223429
43.4996147757     93.994336631     2133.57572608
43.5032572893     93.9907093785     2139.40216725
43.5068996666     93.9870817193     2156.58547108
43.5105419294     93.9834536078     2160.0556327
43.4982945973     93.9918347597     2144.01801852
43.5001158279     93.990021157     2147.83290694
43.5019370274     93.9882074451     2150.38518742
43.5037581916     93.9863936416     2160.50532874
43.5055793253     93.9845797223     2165.40909646
43.5074004353     93.9827656768     2162.96352811
43.5092215096     93.980951537     2165.91454092
43.4969743608     93.9893329803     2139.22506659
43.5006167155     93.9857056169     2155.79924642
43.5042589444     93.9820777918     2156.60940885
43.5079010342     93.9784495876     2174.09126938
43.4956540776     93.9868313368     2149.34313881
43.4974752277     93.9850176549     2147.89654169
43.4992963502     93.9832038866     2155.39972322
43.5011174365     93.9813900576     2177.99971203
43.5029384962     93.9795760237     2166.633046
43.5047595194     93.9777619374     2173.42426916
43.5065805112     93.9759477394     2178.47522383
43.4943337297     93.9843297723     2143.98575743
43.4979759299     93.9807022673     2155.71828966
43.5016179994     93.9770743386     2167.22911236
43.5052599407     93.9734459745     2175.82103388
43.4930133385     93.9818283488     2151.37878811
43.4948344172     93.980014627     2160.16916865
43.4966554578     93.9782007771     2161.8982255
43.4984764682     93.9763868207     2164.05264872
43.5002974483     93.9745727247     2158.21140717
43.5021183982     93.9727585707     2165.15571968
43.5039393191     93.9709442798     2165.10598972
