# lat [m]   lon [m]   Z [m]
43.5006108767     94.0751647973     2192.75868987
43.5087393218     94.0698637825     2278.50073765
43.5168672529     94.0645613439     2378.57898084
43.4967527163     94.0639988341     2186.712098
43.5048807026     94.0586967284     2280.63864169
43.5130083894     94.0533941666     2277.69995685
43.5211354778     94.0480893868     2379.85617392
43.5292623858     94.0427838457     2408.5235071
43.4847654005     94.058136187     2078.7939446
43.4928934156     94.0528345687     2144.927703
43.5010210028     94.0475315674     2220.72727643
43.5091481369     94.0422272609     2297.93691499
43.517274948     94.0369219404     2326.64638394
43.5254014658     94.0316152909     2345.95191056
43.5335273652     94.0263070052     2424.51518286
43.5416529095     94.0209974767     2487.377564
43.4809054711     94.0469740421     2068.98384098
43.4890330129     94.0416714247     2127.05972211
43.4971601455     94.036367522     2178.20136646
43.5052868772     94.0310622079     2244.63147475
43.5134132429     94.0257556988     2281.93296648
43.5215393834     94.0204479487     2281.55098699
43.52966495     94.0151386121     2349.27928587
43.537789954     94.0098279285     2439.28931037
43.5459145889     94.00451598     2512.96106642
43.4689171644     94.041115366     2044.29009538
43.4770444553     94.0358132574     2064.1757914
43.4851714579     94.0305097191     2092.88351106
43.4932981384     94.0252047727     2130.32440592
43.5014244661     94.0198984761     2164.57147884
43.5095504339     94.014590791     2208.63564702
43.5176759992     94.0092817382     2264.31247089
43.5258012833     94.0039713715     2290.70257104
43.5339258507     93.9986596385     2390.60844149
43.542050149     93.9933466068     2453.66540328
43.5501732055     93.9880324487     2621.23389573
43.4650556226     94.0299570465     2053.78616859
43.4731824175     94.0246538082     2077.48262222
43.4813088531     94.0193492303     2087.34369893
43.4894349921     94.0140432645     2089.26264471
43.4975609017     94.0087357598     2178.7255536
43.5056864092     94.003427031     2173.66900026
43.513811652     93.9981168723     2177.7069492
43.521936379     93.9928053761     2253.58171282
43.5300606765     93.9874925711     2324.82629489
43.5381845337     93.9821784582     2396.17711125
43.5463077401     93.9768631418     2496.57513124
43.5544298236     93.9715468817     2668.2378554
43.4530670247     94.0241028253     2124.88125616
43.4611930432     94.0188001609     2070.33531386
43.4693192786     94.0134958385     2085.57776416
43.4774451834     94.0081901324     2091.40833477
43.4855708518     94.0028830067     2113.5365231
43.4936961957     93.9975744913     2125.79277344
43.5018212482     93.9922645801     2144.31914082
43.5099460037     93.9869532641     2157.4150926
43.5180703258     93.9816406881     2220.51293113
43.5261942834     93.9763267418     2270.35028912
43.5343175078     93.9710117447     2384.79914523
43.5424404681     93.9656952798     2456.35610837
43.5505632231     93.9603773217     2498.29518935
43.5586851442     93.9550583625     2591.17384848
43.5668071698     93.949737678     2626.92842549
43.574928924     93.9444155645     2656.09879886
43.5830503899     93.9390920357     2681.92725263
43.4492044458     94.0129485274     2204.90914895
43.457330209     94.0076446083     2208.8319961
43.4654552187     94.0023393079     2123.37792825
43.4735804601     93.9970324748     2103.54301162
43.4817055843     93.9917242275     2115.32734252
43.4898304348     93.9864145964     2136.39795233
43.4979549718     93.9811035652     2153.66740044
43.5060792032     93.9757911502     2174.21229891
43.5142031419     93.9704773064     2186.68091473
43.5223265963     93.9651623592     2254.58205174
43.5304496413     93.9598460685     2317.85810563
43.5385722376     93.9545284895     2385.96739443
43.5466944938     93.9492094955     2441.57598039
43.5548166296     93.943888879     2464.7189427
43.5629379805     93.9385673261     2535.21767701
43.5710594415     93.9332439458     2556.62730684
43.579180064     93.9279196468     2620.36516219
43.5873006864     93.9225936492     2653.4448128
43.445339817     94.0017959634     2161.99998994
43.4534654151     93.9964908819     2205.5440383
43.4615906508     93.9911844536     2250.36154707
43.4697149067     93.9858763964     2167.62793569
43.4778393601     93.9805669935     2155.35191169
43.4859635916     93.9752561562     2145.52307946
43.4940876072     93.9699439686     2154.88760729
43.5022113335     93.9646304814     2184.12130362
43.5103347686     93.9593154528     2187.57688547
43.5184578482     93.9539992221     2221.45814807
43.5265805574     93.9486816695     2261.47274677
43.5347029149     93.9433627408     2299.89040203
43.5428247387     93.9380427029     2364.70647498
43.5509463622     93.9327210491     2401.63515235
43.5590675718     93.9273981012     2445.19221758
43.567187927     93.9220743559     2534.77294328
43.5753087063     93.916748323     2547.34265729
43.583428048     93.9114220936     2647.54243208
43.441474856     93.9906447989     2207.36978706
43.4495999081     93.9853386754     2250.58581267
43.4577247978     93.9800312999     2324.97402878
43.465848946     93.9747224104     2344.77656653
43.4739723803     93.9694116579     2265.68313979
43.482095884     93.9640996027     2231.53265829
43.4902192274     93.9587861147     2204.92201903
43.4983423804     93.9534711677     2179.7826108
43.5064652966     93.9481550897     2196.18803685
43.5145878931     93.9428376874     2221.03281705
43.5227102358     93.937518711     2226.70923813
43.5308321672     93.9321986189     2260.99964305
43.538953589     93.9268774607     2322.05655851
43.5470746497     93.9215548859     2375.94953184
43.5551952565     93.9162310576     2436.5485609
43.5633152163     93.9109062276     2520.7375531
43.5714354409     93.9055791319     2539.13043921
43.5795545958     93.9002515903     2618.77676577
43.5876741103     93.894921765     2638.77528072
43.4619814712     93.9635698551     2415.08975221
43.4701045767     93.958258315     2404.43841634
43.4782273309     93.9529450765     2358.90570328
43.4863498776     93.9476300905     2283.23069589
43.4944723877     93.942313858     2241.37438148
43.5025947236     93.9369966666     2254.01640925
43.510716748     93.9316781986     2278.80088471
43.5188385707     93.9263578745     2262.88112304
43.526960086     93.9210363554     2268.05354813
43.5350812412     93.9157136265     2289.26441522
43.543201736     93.910390222     2361.77532288
43.5513221966     93.9050647516     2383.48678903
43.559441905     93.899738623     2452.19390856
43.5675613046     93.8944109812     2509.139052
43.5756808198     93.889081241     2522.3782852
43.5837988858     93.8837516907     2623.61862769
43.5919170994     93.8784199973     2678.84762699
43.482479786     93.93647668     2453.85862858
43.4906014655     93.9311588192     2361.6629332
43.4987231386     93.9258403811     2355.91967208
43.5068445311     93.9205209257     2383.9371294
43.5149656435     93.9151998045     2390.56468441
43.5230864558     93.9098773594     2403.88224131
43.5312074619     93.9045520205     2317.77258032
43.5393278449     93.8992265998     2326.2974469
43.5474476297     93.8939004707     2377.5226521
43.5555670622     93.8885729204     2424.50852304
43.5636864733     93.8832433617     2435.7786308
43.5718050737     93.8779132758     2493.50873757
43.5799229191     93.8725824077     2579.11202104
43.5880401967     93.867250384     2671.32059228
43.5029713265     93.9093662036     2542.61157738
43.5110916731     93.9040445361     2580.21210096
43.5192116476     93.8987215918     2623.49240843
43.5273320041     93.8933943629     2491.42104244
43.535451948     93.8880670272     2447.52901392
43.5435713722     93.8827391872     2458.18343493
43.5516910378     93.8774086829     2403.78191038
43.5598099778     93.8720779465     2413.92096577
43.5679282239     93.866746594     2462.46897767
43.5760450635     93.8614157513     2596.88485457
43.5841642019     93.8560787441     2511.65005773
43.5922796855     93.850745995     2676.03663573
43.5153368009     93.8875622626     2516.15472331
43.5234555647     93.8822392514     2692.93799695
43.5315746739     93.8769109952     2656.48889837
43.5396933134     93.8715822262     2668.81103425
43.5478116868     93.8662519762     2677.88095859
43.555929977     93.8609198134     2664.27841952
43.5640484437     93.8555852899     2610.77468067
43.572166845     93.8502491221     2552.21583956
43.58028484     93.8449119917     2517.22318972
43.5358159968     93.8604212898     2598.56623764
43.5439336884     93.8550907047     2645.69503596
43.55205052     93.8497601507     2751.75933842
43.4973613524     94.0225517357     2164.28137957
43.5054874837     94.0172447627     2201.28469991
43.5136132357     94.0119364042     2250.87822636
43.5217387047     94.0066267345     2270.81734271
43.5298637285     94.0013156667     2319.87068007
43.4913667034     94.0196238691     2106.39436934
43.4954298135     94.0169705674     2138.37478447
43.4994928188     94.014316921     2177.35270978
43.5035557303     94.0116630182     2179.59553866
43.5076185935     94.0090087836     2166.01998599
43.5116813287     94.006354138     2196.49143702
43.515743971     94.003699164     2222.73926972
43.5198065057     94.001043855     2252.07642497
43.5238689279     93.9983882149     2284.26944465
43.5279312095     93.9957322504     2324.44977097
43.5319934249     93.9930759521     2354.77017947
43.4934979927     94.0113896976     2119.33035327
43.5016236792     94.0060815487     2203.28327014
43.5097490132     94.0007721249     2208.96847626
43.5178740542     93.9954612911     2221.97104987
43.5259986755     93.990149102     2266.46766838
43.4875030786     94.0084629311     2113.52827836
43.491565899     94.0058091424     2109.07087375
43.4956286666     94.0031549899     2113.43252355
43.4996913643     94.0005004846     2124.04994387
43.5037539782     93.9978456354     2144.47288963
43.507816511     93.9951904414     2157.21766776
43.5118789746     93.9925348944     2163.7168235
43.5159412233     93.9898790865     2226.99637777
43.5200035349     93.9872228423     2224.00532227
43.5240657119     93.9845662863     2240.58633056
43.5281276698     93.9819094732     2287.39681111
43.4896335734     94.0002289241     2127.94137643
43.4977587596     93.9949197088     2133.74593166
43.5058836723     93.9896090801     2140.16257732
43.5140082021     93.984297158     2195.79543783
43.5221322767     93.9789839549     2267.3051564
43.4836383459     93.9973034371     2111.16743502
43.4877009258     93.9946490683     2115.49377499
43.4917634635     93.9919943742     2141.42016888
43.4958258869     93.9893393035     2142.01665961
43.4998882453     93.9866839178     2162.07170575
43.5039505328     93.984028115     2151.11258666
43.5080127453     93.9813720035     2159.56072464
43.5120749062     93.9787155008     2155.45553275
43.5161369299     93.9760587534     2182.11742752
43.5201988771     93.9734016428     2201.83555538
43.5242606071     93.9707443451     2255.02370049
43.4857680569     93.9890695919     2129.57841534
43.4938927395     93.9837592512     2143.43341206
43.5020171258     93.9784475369     2165.51860886
43.5101411927     93.9731344465     2190.55145465
43.5182649826     93.9678198924     2199.85080516
43.4797725383     93.9861453713     2115.08788151
43.4838348988     93.9834904707     2133.92887734
43.4878971437     93.9808351873     2138.57408837
43.4919593365     93.9781796016     2157.85125821
43.496021425     93.9755235837     2153.06499449
43.5000834548     93.9728672845     2166.85146502
43.5041454142     93.9702105554     2162.42597797
43.5082072832     93.9675535904     2182.46354053
43.5122690723     93.9648962561     2197.14715201
43.5163307937     93.9622385415     2205.75325247
43.5203924298     93.9595804964     2217.38837081
43.4819014638     93.9779117047     2135.93207584
43.4900256299     93.9726002255     2147.16712321
43.4981495084     93.9672873342     2157.22029306
43.5062730832     93.9619731522     2187.12054144
43.5143963635     93.9566574726     2199.18100721
43.4759059326     93.9749890405     2195.37172386
43.4799679706     93.9723335916     2205.78287861
43.4840298128     93.9696775726     2169.25262207
43.4880916648     93.9670212441     2147.62835102
43.4921535198     93.9643647228     2158.54807784
43.4962152929     93.9617078203     2163.80100833
43.5002769941     93.9590506498     2182.15906537
43.5043386142     93.9563930671     2190.1243277
43.508400144     93.9537352199     2209.90116685
43.5124616217     93.9510768846     2210.38250786
43.5165230131     93.9484182582     2218.94185159
43.4780340792     93.9667557032     2227.02577207
43.4861575306     93.9614429066     2195.72341962
43.4942808337     93.9561288665     2198.44129386
43.5024038772     93.9508132804     2184.96893155
43.5105266233     93.9454966226     2215.73293876
43.5007563832     93.9963825933     2125.60564478
43.5027876539     93.9950550516     2129.33335372
43.5048189006     93.9937274297     2140.4223007
43.5068501226     93.9923997249     2152.86373172
43.5088813172     93.9910719395     2167.67831479
43.5109124694     93.989744087     2192.26669605
43.5129436739     93.9884160807     2175.5517552
43.4997900136     93.993592186     2137.24960476
43.5038524679     93.9909368744     2141.79440723
43.507914845     93.9882812205     2151.87684049
43.5119771509     93.9856252112     2158.65221658
43.4988235783     93.9908018708     2143.9047737
43.5008547794     93.9894742013     2153.67268524
43.5028859601     93.9881464392     2159.26515263
43.5049171344     93.9868185546     2147.53095679
43.5069482765     93.9854906248     2157.29948258
43.5089794209     93.984162567     2149.67922508
43.5110105086     93.9828344873     2168.3015435
43.4978570759     93.9880116451     2147.77414681
43.5019193936     93.9853560756     2162.48909394
43.5059816436     93.9827001171     2160.55287718
43.5100438253     93.9800438128     2162.52679484
43.4968905019     93.9852214902     2142.31596585
43.4989216425     93.9838936866     2153.01524083
43.5009527594     93.9825658123     2168.80967042
43.5029838606     93.9812377893     2162.06521325
43.5050149356     93.979909732     2173.61857518
43.5070459959     93.9785815635     2177.13295051
43.5090770402     93.9772533015     2179.02179649
43.4959238651     93.9824314503     2148.06622953
43.4999860588     93.9797755862     2157.01064856
43.5040481694     93.977119413     2177.07034523
43.5081102162     93.9744628177     2176.48741923
43.4949571662     93.9796415222     2159.38320084
43.4969882344     93.9783135432     2157.22493379
43.4990192891     93.9769855023     2162.86949023
43.5010503258     93.9756573328     2157.49494436
43.5030813453     93.9743291095     2161.46534745
43.5051123408     93.9730008266     2172.04352032
43.5071433106     93.9716724701     2185.11424207
